REM  FreeSASA 2.1.2
REM  Absolute and relative SASAs for WT.pdb
REM  Atomic radii and reference values for relative SASA: ProtOr
REM  Chains: A
REM  Algorithm: Lee & Richards
REM  Probe-radius: 1.40
REM  Slices: 20
REM RES _ NUM      All-atoms   Total-Side   Main-Chain    Non-polar    All polar
REM                ABS   REL    ABS   REL    ABS   REL    ABS   REL    ABS   REL
RES MET A   1   246.28 127.5 165.35 109.4  80.93 192.7 140.30 119.3 105.98 140.4
RES MET A   2   186.64  96.7 157.74 104.4  28.90  68.8 127.96 108.8  58.68  77.7
RES MET A   3   140.77  72.9 116.84  77.3  23.93  57.0  87.98  74.8  52.79  69.9
RES MET A   4   183.26  94.9 158.30 104.8  24.96  59.4 125.66 106.8  57.60  76.3
RES ALA A   5    93.16  85.7  65.27 100.7  27.89  63.4  76.59 107.9  16.57  43.9
RES LEU A   6   161.07  89.7 143.84 102.9  17.23  43.3 147.82 103.8  13.25  35.7
RES SER A   7    71.64  60.5  55.88  74.6  15.76  36.3  47.93 102.1  23.71  33.2
RES LYS A   8   185.07  90.3 168.99 103.7  16.08  38.3 117.47 105.7  67.60  72.0
RES THR A   9    37.28  26.5  33.79  34.3   3.49   8.3  20.25  27.2  17.03  25.7
RES PHE A  10   133.85  67.0 126.22  78.2   7.63  19.8 129.67  78.6   4.18  12.0
RES GLY A  11    58.80  72.5   0.00   N/A  58.80  72.5  32.93  90.4  25.87  57.9
RES GLN A  12    98.42  55.0  79.10  57.8  19.32  46.0  48.79 103.8  49.64  37.6
RES LYS A  13   102.50  50.0  86.37  53.0  16.14  38.4  54.24  48.8  48.27  51.4
RES PRO A  14    10.24   7.5   1.09   1.0   9.15  33.3   5.08   4.2   5.16  32.0
RES VAL A  15    54.91  36.1  50.37  45.6   4.54  10.9  54.91  47.7   0.00   0.0
RES LYS A  16   108.23  52.8  93.99  57.7  14.24  33.9  52.83  47.6  55.39  59.0
RES PHE A  17    16.42   8.2  11.09   6.9   5.33  13.9  16.42  10.0   0.00   0.0
RES GLN A  18    74.31  41.6  51.18  37.4  23.13  55.1   9.42  20.1  64.89  49.2
RES LEU A  19    14.36   8.0   7.26   5.2   7.11  17.9   9.59   6.7   4.78  12.9
RES GLU A  20   121.02  69.5 109.28  82.7  11.74  28.0  35.26  68.2  85.76  70.0
RES ASP A  21   149.75 104.9 121.88 121.3  27.88  65.9  40.83  96.1 108.93 108.6
RES ASP A  22   153.21 107.3 114.44 113.9  38.77  91.7  36.37  85.6 116.85 116.5
RES GLY A  23    22.25  27.4   0.00   N/A  22.25  27.4  17.46  47.9   4.79  10.7
RES GLU A  24    90.21  51.8  75.46  57.1  14.75  35.1  49.30  95.3  40.91  33.4
RES PHE A  25    89.78  44.9  83.74  51.9   6.05  15.7  83.74  50.8   6.05  17.3
RES TYR A  26    26.04  12.2  26.04  14.8   0.00   0.0   5.58   4.2  20.46  25.2
RES MET A  27     1.43   0.7   1.43   0.9   0.00   0.0   1.43   1.2   0.00   0.0
RES ILE A  28     1.86   1.1   1.86   1.4   0.00   0.0   1.86   1.3   0.00   0.0
RES GLY A  29     2.42   3.0   0.00   N/A   2.42   3.0   0.06   0.2   2.36   5.3
RES SER A  30    67.13  56.7  53.58  71.5  13.55  31.2  52.80 112.4  14.34  20.1
RES GLU A  31    26.12  15.0  20.58  15.6   5.53  13.2  17.09  33.1   9.03   7.4
RES VAL A  32     1.41   0.9   1.41   1.3   0.00   0.0   1.41   1.2   0.00   0.0
RES GLY A  33     4.05   5.0   0.00   N/A   4.05   5.0   4.05  11.1   0.00   0.0
RES ASN A  34    73.69  50.8  73.67  71.2   0.02   0.0  15.70  37.8  57.99  56.0
RES TYR A  35    30.24  14.1  28.91  16.4   1.33   3.5   4.47   3.4  25.77  31.8
RES LEU A  36    22.07  12.3  14.48  10.4   7.59  19.1  14.48  10.2   7.59  20.4
RES ARG A  37   117.03  49.1  98.54  50.2  18.50  44.0  34.82  47.6  82.22  49.8
RES MET A  38    25.13  13.0  21.36  14.1   3.77   9.0  22.62  19.2   2.51   3.3
RES PHE A  39   106.44  53.3  97.01  60.1   9.43  24.5  98.86  59.9   7.58  21.7
RES ARG A  40   248.59 104.4 198.44 101.2  50.15 119.4  89.05 121.7 159.54  96.7
RES GLY A  41    28.89  35.6   0.00   N/A  28.89  35.6  17.69  48.5  11.20  25.1
RES SER A  42    45.39  38.4  42.03  56.1   3.36   7.7  39.99  85.1   5.41   7.6
RES LEU A  43     2.18   1.2   2.18   1.6   0.00   0.0   2.18   1.5   0.00   0.0
RES TYR A  44    47.61  22.2  42.53  24.2   5.07  13.2  39.81  29.9   7.79   9.6
RES LYS A  45   176.85  86.3 150.65  92.4  26.20  62.4  99.72  89.8  77.14  82.2
RES ARG A  46   127.35  53.5 113.65  57.9  13.70  32.6  38.67  52.8  88.68  53.7
RES TYR A  47     4.53   2.1   4.53   2.6   0.00   0.0   0.00   0.0   4.53   5.6
RES PRO A  48    61.34  44.7  40.66  37.1  20.67  75.1  42.21  34.8  19.13 118.9
RES SER A  49    73.58  62.2  43.43  58.0  30.15  69.5  29.84  63.5  43.75  61.3
RES LEU A  50     4.78   2.7   0.14   0.1   4.64  11.7   0.19   0.1   4.59  12.4
RES TRP A  51    83.04  33.3  75.80  36.7   7.24  17.0  57.28  30.5  25.77  41.8
RES ARG A  52   106.16  44.6  83.35  42.5  22.81  54.3  17.92  24.5  88.24  53.5
RES ARG A  53    77.42  32.5  69.66  35.5   7.76  18.5  48.16  65.8  29.26  17.7
RES LEU A  54   116.21  64.7 101.93  72.9  14.28  35.9 101.93  71.6  14.28  38.4
RES ALA A  55    10.05   9.2   0.00   0.0  10.05  22.9   0.02   0.0  10.03  26.6
RES THR A  56    64.36  45.8  55.94  56.7   8.42  20.1  61.02  82.0   3.34   5.0
RES VAL A  57    82.52  54.3  80.44  72.8   2.08   5.0  80.44  69.9   2.08   5.6
RES GLU A  58   108.83  62.5 106.75  80.8   2.08   4.9  61.13 118.2  47.70  38.9
RES GLU A  59    23.10  13.3  23.10  17.5   0.00   0.0   8.02  15.5  15.08  12.3
RES ARG A  60    72.33  30.4  71.41  36.4   0.93   2.2  22.17  30.3  50.16  30.4
RES LYS A  61   140.79  68.7 132.14  81.1   8.65  20.6  88.33  79.5  52.46  55.9
RES LYS A  62    97.96  47.8  92.34  56.7   5.62  13.4  67.13  60.4  30.82  32.8
RES ILE A  63     1.33   0.8   0.68   0.5   0.66   1.6   1.33   1.0   0.00   0.0
RES VAL A  64    32.20  21.2  32.20  29.2   0.00   0.0  32.20  28.0   0.00   0.0
RES ALA A  65    63.20  58.1  48.78  75.3  14.42  32.8  56.20  79.1   7.00  18.6
RES SER A  66    52.04  44.0  33.93  45.3  18.11  41.7  41.25  87.8  10.79  15.1
RES SER A  67    12.63  10.7   0.02   0.0  12.61  29.1   7.84  16.7   4.79   6.7
RES HIS A  68   117.86  64.4 103.31  71.8  14.55  37.2  71.66  73.9  46.20  53.8
RES GLY A  69    64.45  79.5   0.00   N/A  64.45  79.5  35.15  96.4  29.30  65.6
RES LYS A  70   157.08  76.6 149.41  91.7   7.67  18.3  93.22  83.9  63.86  68.0
RES LYS A  71   179.37  87.5 145.12  89.0  34.26  81.6  94.64  85.2  84.73  90.3
RES THR A  72   128.50  91.4  97.46  98.8  31.04  74.0  82.76 111.2  45.74  69.1
RES LYS A  73   153.63  74.9 145.50  89.3   8.13  19.4  88.15  79.3  65.48  69.7
RES PRO A  74   144.29 105.2 103.37  94.2  40.93 148.8 120.05  99.1  24.24 150.7
RES ASN A  75   118.84  82.0 102.38  98.9  16.46  39.6  30.88  74.3  87.96  85.0
RES THR A  76    70.34  50.0  51.93  52.7  18.41  43.9  52.85  71.0  17.50  26.5
RES LYS A  77   140.32  68.5 129.08  79.2  11.24  26.8  83.89  75.5  56.43  60.1
RES ASP A  78    90.99  63.7  81.65  81.3   9.34  22.1  20.58  48.4  70.41  70.2
RES HIS A  79    10.25   5.6  10.25   7.1   0.00   0.0   7.65   7.9   2.59   3.0
RES GLY A  80    17.38  21.4   0.00   N/A  17.38  21.4  12.71  34.9   4.67  10.5
RES TYR A  81   112.62  52.6  98.44  56.0  14.18  36.9  96.02  72.2  16.60  20.5
RES THR A  82     7.77   5.5   4.12   4.2   3.64   8.7   3.01   4.0   4.76   7.2
RES THR A  83    90.47  64.3  54.59  55.3  35.88  85.5  50.12  67.3  40.36  61.0
RES LEU A  84   160.44  89.4 132.25  94.6  28.20  70.9 137.47  96.5  22.97  61.8
RES ALA A  85    42.01  38.6  25.60  39.5  16.42  37.3  34.60  48.7   7.41  19.6
RES THR A  86   134.96  96.0 105.38 106.8  29.58  70.5  89.43 120.1  45.53  68.8
RES SER A  87    63.57  53.7  47.09  62.8  16.49  38.0  21.24  45.2  42.34  59.3
RES VAL A  88     5.92   3.9   2.05   1.9   3.87   9.3   4.70   4.1   1.22   3.3
RES THR A  89    27.89  19.8  24.80  25.1   3.09   7.4   6.67   9.0  21.22  32.1
RES LEU A  90     0.00   0.0   0.00   0.0   0.00   0.0   0.00   0.0   0.00   0.0
RES LEU A  91     0.00   0.0   0.00   0.0   0.00   0.0   0.00   0.0   0.00   0.0
RES LYS A  92    46.80  22.8  46.80  28.7   0.00   0.0  11.54  10.4  35.25  37.6
RES ALA A  93     3.74   3.4   3.69   5.7   0.05   0.1   3.74   5.3   0.00   0.0
RES SER A  94    67.24  56.8  56.56  75.5  10.68  24.6  49.95 106.4  17.29  24.2
RES GLU A  95    29.49  16.9  29.46  22.3   0.03   0.1   7.76  15.0  21.73  17.7
RES VAL A  96     0.83   0.5   0.83   0.8   0.00   0.0   0.83   0.7   0.00   0.0
RES GLU A  97    54.61  31.4  54.44  41.2   0.17   0.4  13.05  25.2  41.56  33.9
RES GLU A  98    55.98  32.1  54.48  41.2   1.50   3.6  26.32  50.9  29.66  24.2
RES ILE A  99    11.49   6.5   2.53   1.9   8.96  21.6   2.53   1.8   8.96  24.3
RES LEU A 100    45.43  25.3  13.40   9.6  32.04  80.5  15.09  10.6  30.34  81.6
RES ASP A 101   111.54  78.1  76.55  76.2  34.99  82.7  22.91  53.9  88.62  88.4
RES GLY A 102    54.32  67.0   0.00   N/A  54.32  67.0  32.42  89.0  21.89  49.0
RES ASN A 103    97.15  67.0  86.61  83.7  10.54  25.4  25.57  61.5  71.58  69.2
RES ASP A 104    14.44  10.1  14.44  14.4   0.00   0.0   1.51   3.6  12.93  12.9
RES GLU A 105   123.60  71.0 114.24  86.4   9.36  22.3  66.44 128.5  57.16  46.7
RES LYS A 106   132.39  64.6 101.78  62.5  30.61  72.9  80.47  72.4  51.92  55.3
RES TYR A 107    13.50   6.3  13.50   7.7   0.00   0.0  10.39   7.8   3.11   3.8
RES LYS A 108    61.88  30.2  52.31  32.1   9.57  22.8  32.59  29.3  29.29  31.2
RES ALA A 109    61.64  56.7  45.15  69.7  16.49  37.5  51.67  72.8   9.97  26.4
RES VAL A 110   135.17  88.9 113.11 102.4  22.06  53.2 120.34 104.6  14.82  40.2
RES SER A 111    96.19  81.3  66.55  88.8  29.64  68.3  41.84  89.1  54.36  76.2
RES ILE A 112   141.42  80.5 121.31  90.4  20.10  48.4 126.37  91.0  15.04  40.8
RES SER A 113    96.43  81.5  63.61  84.9  32.82  75.6  43.15  91.9  53.28  74.6
RES THR A 114   121.10  86.1  91.76  93.0  29.34  69.9  69.68  93.6  51.41  77.7
RES GLU A 115   153.34  88.0 135.63 102.6  17.71  42.2  48.05  92.9 105.28  86.0
RES PRO A 116    99.71  72.7  87.30  79.6  12.41  45.1  93.94  77.6   5.76  35.8
RES PRO A 117   112.99  82.3 101.18  92.2  11.81  42.9 112.74  93.1   0.25   1.5
RES THR A 118   125.84  89.5 106.33 107.8  19.51  46.5  76.89 103.3  48.95  74.0
RES TYR A 119   193.88  90.5 168.77  96.0  25.12  65.4 135.74 102.0  58.14  71.7
RES LEU A 120   173.81  96.8 150.30 107.5  23.52  59.1 151.20 106.2  22.61  60.9
RES ARG A 121   220.48  92.6 197.22 100.5  23.26  55.4  76.84 105.0 143.64  87.1
RES GLU A 122   168.62  96.8 138.00 104.4  30.61  72.9  59.01 114.1 109.61  89.5
RES GLN A 123   171.61  96.0 143.50 104.9  28.11  66.9  49.99 106.4 121.62  92.2
RES LYS A 124   212.49 103.7 174.46 107.0  38.03  90.5 125.13 112.6  87.36  93.1
RES ALA A 125    97.21  89.4  63.61  98.2  33.60  76.4  68.58  96.6  28.63  75.8
RES LYS A 126   201.84  98.5 171.85 105.4  29.99  71.4 123.84 111.5  78.00  83.1
RES ARG A 127   245.66 103.1 210.36 107.2  35.30  84.1  91.11 124.5 154.55  93.7
RES ASN A 128   151.07 104.2 116.72 112.8  34.35  82.7  35.30  85.0 115.76 111.9
RES SER A 129    95.00  80.3  63.52  84.8  31.48  72.5  47.62 101.4  47.38  66.4
RES GLN A 130   155.85  87.2 128.96  94.2  26.89  64.0  42.99  91.5 112.87  85.6
RES TRP A 131   222.63  89.3 192.89  93.4  29.73  69.8 166.96  89.0  55.67  90.3
RES VAL A 132   121.03  79.6 102.96  93.2  18.07  43.5 104.37  90.7  16.66  45.2
RES PRO A 133    98.20  71.6  77.23  70.4  20.97  76.2  88.54  73.1   9.66  60.1
RES THR A 134   124.96  88.9 107.31 108.8  17.65  42.1  83.41 112.0  41.55  62.8
RES LEU A 135   158.28  88.1 146.18 104.6  12.10  30.4 146.40 102.8  11.88  32.0
RES PRO A 136    40.56  29.6  18.34  16.7  22.22  80.8  26.33  21.7  14.23  88.4
RES ASN A 137    50.34  34.7  39.18  37.9  11.16  26.9  28.03  67.5  22.31  21.6
RES SER A 138    22.67  19.2  20.15  26.9   2.53   5.8   7.15  15.2  15.53  21.8
RES SER A 139    25.82  21.8  23.32  31.1   2.50   5.8  20.21  43.0   5.61   7.9
RES HIS A 140    21.38  11.7  21.25  14.8   0.13   0.3  16.87  17.4   4.51   5.2
RES HIS A 141    11.44   6.3  10.20   7.1   1.24   3.2   0.07   0.1  11.37  13.2
RES LEU A 142    83.18  46.3  51.90  37.1  31.28  78.6  53.37  37.5  29.80  80.2
RES ASP A 143    20.90  14.6  14.51  14.4   6.40  15.1   4.52  10.6  16.39  16.3
RES ALA A 144     4.95   4.5   0.00   0.0   4.95  11.3   1.62   2.3   3.33   8.8
RES VAL A 145     1.22   0.8   1.11   1.0   0.11   0.3   1.11   1.0   0.11   0.3
RES PRO A 146    14.17  10.3   7.82   7.1   6.35  23.1  10.17   8.4   4.00  24.8
RES CYS A 147    45.00  34.0  34.20  38.1  10.80  25.4  31.92  80.9  13.08  14.1
RES SER A 148    45.90  38.8  31.37  41.9  14.53  33.5  21.00  44.7  24.90  34.9
RES THR A 149    42.43  30.2  25.84  26.2  16.60  39.5  29.80  40.0  12.63  19.1
RES THR A 150   117.08  83.3 101.19 102.6  15.89  37.9  78.55 105.5  38.52  58.2
RES ILE A 151   113.00  64.3 101.99  76.0  11.00  26.5 101.99  73.4  11.00  29.9
RES ASN A 152    64.30  44.3  55.20  53.3   9.11  21.9  18.69  45.0  45.61  44.1
RES ARG A 153   230.71  96.9 196.19 100.0  34.53  82.2  73.40 100.3 157.32  95.3
RES ASN A 154   110.10  75.9  95.13  91.9  14.97  36.0  14.68  35.3  95.42  92.2
RES ARG A 155   111.76  46.9  80.44  41.0  31.32  74.6  65.06  88.9  46.70  28.3
RES MET A 156   177.49  91.9 135.55  89.7  41.94  99.9 124.40 105.8  53.09  70.3
RES GLY A 157    62.20  76.7   0.00   N/A  62.20  76.7  39.51 108.4  22.68  50.8
RES ARG A 158   230.21  96.7 209.30 106.7  20.91  49.8  91.57 125.1 138.64  84.0
RES ASP A 159   148.57 104.1 114.61 114.1  33.96  80.3  35.95  84.6 112.62 112.3
RES LYS A 160   173.84  84.8 152.40  93.5  21.44  51.0 106.07  95.5  67.77  72.2
RES LYS A 161   174.79  85.3 155.75  95.6  19.04  45.3 105.92  95.3  68.87  73.4
RES ARG A 162   148.43  62.3 117.50  59.9  30.93  73.6  53.08  72.5  95.34  57.8
RES THR A 163   115.26  82.0  91.39  92.6  23.87  56.9  68.19  91.6  47.07  71.2
RES PHE A 164    66.04  33.0  48.61  30.1  17.44  45.4  48.76  29.6  17.28  49.5
RES PRO A 165   120.82  88.1  92.16  84.0  28.67 104.2 103.97  85.8  16.85 104.7
RES LEU A 166    49.59  27.6  32.45  23.2  17.14  43.1  33.69  23.7  15.89  42.8
RES CYS A 167    77.67  58.8  70.85  79.0   6.82  16.0  10.82  27.4  66.85  72.1
RES PHE A 168    84.61  42.3  80.11  49.6   4.50  11.7  80.83  49.0   3.79  10.8
RES ASP A 169   144.18 101.0 110.52 110.0  33.66  79.6  32.07  75.5 112.11 111.8
RES ASP A 170   126.42  88.6  91.44  91.0  34.97  82.7  32.86  77.3  93.56  93.3
RES HIS A 171    52.71  28.8  43.06  29.9   9.65  24.7  29.29  30.2  23.42  27.3
RES ASP A 172    82.97  58.1  70.85  70.5  12.13  28.7  31.19  73.4  51.79  51.6
RES PRO A 173    89.74  65.4  89.21  81.3   0.53   1.9  89.74  74.1   0.00   0.0
RES ALA A 174    44.05  40.5  36.08  55.7   7.97  18.1  41.58  58.6   2.46   6.5
RES VAL A 175    58.84  38.7  57.08  51.7   1.76   4.2  57.31  49.8   1.53   4.2
RES ILE A 176    69.33  39.5  68.60  51.1   0.74   1.8  68.60  49.4   0.74   2.0
RES HIS A 177   129.61  70.8 124.50  86.5   5.11  13.1  74.29  76.6  55.32  64.4
RES GLU A 178    78.31  45.0  74.54  56.4   3.77   9.0  23.00  44.5  55.31  45.2
RES ASN A 179    22.98  15.8  16.72  16.2   6.26  15.1   1.05   2.5  21.94  21.2
RES ALA A 180    84.80  78.0  43.78  67.6  41.02  93.3  57.70  81.3  27.10  71.8
RES SER A 181    83.69  70.7  47.37  63.2  36.31  83.6  45.87  97.7  37.81  53.0
RES GLN A 182    58.21  32.6  43.05  31.5  15.17  36.1   1.61   3.4  56.60  42.9
RES PRO A 183    93.58  68.2  81.46  74.3  12.12  44.0  93.20  77.0   0.37   2.3
RES GLU A 184   125.64  72.1  95.97  72.6  29.67  70.6  26.88  52.0  98.76  80.6
RES VAL A 185    54.75  36.0  51.71  46.8   3.04   7.3  54.75  47.6   0.00   0.0
RES LEU A 186    30.06  16.7  26.41  18.9   3.65   9.2  26.41  18.5   3.65   9.8
RES VAL A 187     1.47   1.0   1.47   1.3   0.00   0.0   1.47   1.3   0.00   0.0
RES PRO A 188     2.18   1.6   0.76   0.7   1.43   5.2   0.76   0.6   1.43   8.9
RES ILE A 189     0.00   0.0   0.00   0.0   0.00   0.0   0.00   0.0   0.00   0.0
RES ARG A 190    28.79  12.1  20.41  10.4   8.38  19.9   5.80   7.9  22.99  13.9
RES LEU A 191     0.94   0.5   0.00   0.0   0.94   2.4   0.94   0.7   0.00   0.0
RES ASP A 192    87.50  61.3  53.95  53.7  33.55  79.3  15.03  35.4  72.47  72.3
RES MET A 193    31.94  16.5  22.69  15.0   9.25  22.0  30.84  26.2   1.10   1.5
RES GLU A 194    90.63  52.0  78.42  59.3  12.21  29.1  25.81  49.9  64.82  52.9
RES ILE A 195    40.80  23.2  37.50  27.9   3.31   8.0  40.76  29.3   0.05   0.1
RES ASP A 196   118.85  83.3  74.37  74.0  44.48 105.2  41.92  98.7  76.93  76.7
RES GLY A 197    64.49  79.5   0.00   N/A  64.49  79.5  30.03  82.4  34.46  77.2
RES GLN A 198    70.94  39.7  65.92  48.2   5.02  12.0  27.84  59.3  43.10  32.7
RES LYS A 199   114.51  55.9 102.45  62.9  12.06  28.7  52.52  47.3  61.99  66.0
RES LEU A 200     0.02   0.0   0.02   0.0   0.00   0.0   0.02   0.0   0.00   0.0
RES ARG A 201    74.40  31.2  74.19  37.8   0.21   0.5  11.90  16.3  62.50  37.9
RES ASP A 202    24.77  17.4  24.46  24.3   0.31   0.7   2.64   6.2  22.13  22.1
RES ALA A 203     8.59   7.9   1.53   2.4   7.06  16.1   1.53   2.2   7.06  18.7
RES PHE A 204    31.85  15.9  28.92  17.9   2.94   7.6  31.85  19.3   0.00   0.0
RES THR A 205    49.35  35.1  27.51  27.9  21.85  52.1   2.40   3.2  46.95  71.0
RES TRP A 206    21.68   8.7  19.66   9.5   2.01   4.7  16.63   8.9   5.05   8.2
RES ASN A 207    37.32  25.7  31.97  30.9   5.35  12.9  13.35  32.1  23.97  23.2
RES MET A 208    57.15  29.6  34.41  22.8  22.73  54.1  31.28  26.6  25.87  34.3
RES ASN A 209    42.38  29.2  34.88  33.7   7.50  18.1  11.66  28.1  30.72  29.7
RES GLU A 210    56.01  32.2  33.63  25.4  22.39  53.3  10.34  20.0  45.68  37.3
RES LYS A 211   110.08  53.7  78.40  48.1  31.68  75.4  71.00  63.9  39.08  41.6
RES LEU A 212    37.72  21.0  27.38  19.6  10.34  26.0  30.01  21.1   7.71  20.7
RES MET A 213    56.48  29.2  54.70  36.2   1.78   4.2  37.60  32.0  18.88  25.0
RES THR A 214    49.53  35.2  46.89  47.5   2.64   6.3  46.61  62.6   2.92   4.4
RES PRO A 215     9.82   7.2   9.82   9.0   0.00   0.0   9.82   8.1   0.00   0.0
RES GLU A 216    61.63  35.4  61.63  46.6   0.00   0.0  44.40  85.9  17.23  14.1
RES MET A 217    43.04  22.3  41.58  27.5   1.46   3.5  30.39  25.8  12.66  16.8
RES PHE A 218    42.03  21.0  41.94  26.0   0.09   0.2  41.94  25.4   0.09   0.3
RES SER A 219     0.00   0.0   0.00   0.0   0.00   0.0   0.00   0.0   0.00   0.0
RES GLU A 220    80.40  46.2  77.05  58.3   3.35   8.0  14.31  27.7  66.09  54.0
RES ILE A 221    51.33  29.2  51.24  38.2   0.10   0.2  51.24  36.9   0.10   0.3
RES LEU A 222    21.57  12.0  19.65  14.1   1.91   4.8  21.38  15.0   0.18   0.5
RES CYS A 223     1.67   1.3   0.71   0.8   0.96   2.3   0.99   2.5   0.67   0.7
RES ASP A 224    43.00  30.1  32.10  32.0  10.90  25.8  14.08  33.1  28.92  28.8
RES ASP A 225    37.33  26.1  36.49  36.3   0.84   2.0   6.65  15.6  30.68  30.6
RES LEU A 226    19.60  10.9   7.95   5.7  11.65  29.3   7.95   5.6  11.65  31.4
RES ASP A 227    75.01  52.5  51.75  51.5  23.26  55.0  27.09  63.8  47.92  47.8
RES LEU A 228    16.60   9.2   7.67   5.5   8.93  22.4   8.22   5.8   8.38  22.5
RES ASN A 229    56.23  38.8  50.38  48.7   5.86  14.1  21.19  51.0  35.04  33.9
RES PRO A 230    70.57  51.4  67.89  61.9   2.68   9.8  68.20  56.3   2.37  14.7
RES LEU A 231   153.05  85.2 131.64  94.2  21.41  53.8 136.23  95.7  16.83  45.3
RES THR A 232    46.32  32.9  36.09  36.6  10.23  24.4  40.35  54.2   5.97   9.0
RES PHE A 233     0.68   0.3   0.68   0.4   0.00   0.0   0.68   0.4   0.00   0.0
RES VAL A 234    17.90  11.8  17.90  16.2   0.00   0.0  17.90  15.6   0.00   0.0
RES PRO A 235    81.46  59.4  69.49  63.3  11.98  43.5  76.81  63.4   4.65  28.9
RES ALA A 236    33.20  30.5  19.94  30.8  13.26  30.2  29.27  41.2   3.93  10.4
RES ILE A 237     0.00   0.0   0.00   0.0   0.00   0.0   0.00   0.0   0.00   0.0
RES ALA A 238     4.35   4.0   4.35   6.7   0.00   0.0   4.35   6.1   0.00   0.0
RES SER A 239    62.96  53.2  56.37  75.2   6.59  15.2  28.16  60.0  34.79  48.7
RES ALA A 240    24.16  22.2  19.89  30.7   4.28   9.7  23.59  33.2   0.57   1.5
RES ILE A 241     0.00   0.0   0.00   0.0   0.00   0.0   0.00   0.0   0.00   0.0
RES ARG A 242   103.89  43.6 102.06  52.0   1.83   4.4  39.67  54.2  64.22  38.9
RES GLN A 243    60.73  34.0  57.68  42.2   3.05   7.3  23.11  49.2  37.62  28.5
RES GLN A 244    16.06   9.0  14.10  10.3   1.97   4.7   8.59  18.3   7.47   5.7
RES ILE A 245    30.68  17.5  28.82  21.5   1.87   4.5  28.82  20.8   1.87   5.1
RES GLU A 246   146.61  84.2 109.61  82.9  37.00  88.1  49.86  96.4  96.75  79.0
RES SER A 247    43.37  36.7  26.10  34.8  17.27  39.8  29.31  62.4  14.06  19.7
RES TYR A 248    37.40  17.5  26.40  15.0  11.00  28.6  11.34   8.5  26.06  32.1
RES PRO A 249    30.34  22.1  13.96  12.7  16.38  59.6  23.16  19.1   7.18  44.6
RES THR A 250    94.79  67.4  61.09  61.9  33.70  80.3  41.70  56.0  53.09  80.3
RES ASP A 251   111.61  78.2  93.63  93.2  17.99  42.5  20.27  47.7  91.34  91.1
RES SER A 252    67.98  57.4  37.42  49.9  30.56  70.4  33.25  70.8  34.72  48.6
RES ILE A 253   106.14  60.4  85.06  63.4  21.08  50.8  93.40  67.3  12.74  34.6
RES LEU A 254    21.57  12.0  19.47  13.9   2.10   5.3  19.57  13.7   2.00   5.4
RES GLU A 255   108.89  62.5  86.30  65.3  22.60  53.8  20.90  40.4  87.99  71.8
RES ASP A 256   150.71 105.6 111.42 110.9  39.30  92.9  41.58  97.8 109.14 108.8
RES GLN A 257    79.56  44.5  61.86  45.2  17.70  42.1  25.27  53.8  54.29  41.2
RES SER A 258    94.15  79.6  79.20 105.7  14.95  34.4  47.47 101.1  46.68  65.4
RES ASP A 259    59.40  41.6  41.44  41.2  17.96  42.5  30.36  71.5  29.04  29.0
RES GLN A 260    20.62  11.5  20.62  15.1   0.00   0.0   0.00   0.0  20.62  15.6
RES ARG A 261    33.97  14.3  30.40  15.5   3.57   8.5  22.29  30.5  11.68   7.1
RES VAL A 262     8.25   5.4   4.98   4.5   3.27   7.9   8.25   7.2   0.00   0.0
RES ILE A 263    58.55  33.3  47.73  35.6  10.81  26.1  47.73  34.4  10.81  29.3
RES ILE A 264     0.00   0.0   0.00   0.0   0.00   0.0   0.00   0.0   0.00   0.0
RES LYS A 265   123.60  60.3 116.45  71.5   7.15  17.0  61.66  55.5  61.94  66.0
RES LEU A 266     1.60   0.9   0.00   0.0   1.60   4.0   0.00   0.0   1.60   4.3
RES ASN A 267    52.09  35.9  49.37  47.7   2.73   6.6  15.18  36.5  36.91  35.7
RES ILE A 268     0.00   0.0   0.00   0.0   0.00   0.0   0.00   0.0   0.00   0.0
RES HIS A 269     1.52   0.8   0.75   0.5   0.77   2.0   0.49   0.5   1.03   1.2
RES VAL A 270    16.06  10.6  13.79  12.5   2.26   5.5  14.47  12.6   1.59   4.3
RES GLY A 271    54.31  67.0   0.00   N/A  54.31  67.0  43.84 120.3  10.47  23.5
RES ASN A 272    69.81  48.1  67.27  65.0   2.55   6.1  13.77  33.1  56.05  54.2
RES ILE A 273    56.07  31.9  56.07  41.8   0.00   0.0  56.07  40.4   0.00   0.0
RES SER A 274     0.43   0.4   0.13   0.2   0.30   0.7   0.05   0.1   0.38   0.5
RES LEU A 275     0.00   0.0   0.00   0.0   0.00   0.0   0.00   0.0   0.00   0.0
RES VAL A 276    56.75  37.3  56.13  50.8   0.62   1.5  56.13  48.8   0.62   1.7
RES ASP A 277    10.99   7.7   5.70   5.7   5.29  12.5   3.54   8.3   7.44   7.4
RES GLN A 278    34.79  19.5  34.40  25.1   0.40   0.9   7.93  16.9  26.86  20.4
RES PHE A 279    27.31  13.7  26.01  16.1   1.30   3.4  27.31  16.6   0.00   0.0
RES GLU A 280    59.22  34.0  34.79  26.3  24.43  58.2   9.91  19.2  49.31  40.3
RES TRP A 281    20.06   8.1  17.01   8.2   3.05   7.2  16.85   9.0   3.21   5.2
RES ASP A 282    32.35  22.7  28.69  28.6   3.66   8.6  11.04  26.0  21.30  21.2
RES MET A 283    25.61  13.3   1.79   1.2  23.81  56.7   5.88   5.0  19.73  26.1
RES SER A 284    24.01  20.3   6.36   8.5  17.64  40.6   3.30   7.0  20.71  29.0
RES GLU A 285    86.63  49.7  76.13  57.6  10.50  25.0  24.82  48.0  61.81  50.5
RES LYS A 286   161.07  78.6 125.32  76.9  35.75  85.1  93.49  84.1  67.58  72.0
RES GLU A 287   134.62  77.3 120.98  91.5  13.65  32.5  55.26 106.9  79.37  64.8
RES ASN A 288    59.67  41.1  39.62  38.3  20.05  48.3   7.05  17.0  52.62  50.9
RES SER A 289    29.42  24.9  22.82  30.5   6.60  15.2  17.85  38.0  11.57  16.2
RES PRO A 290     5.44   4.0   5.44   5.0   0.00   0.0   5.44   4.5   0.00   0.0
RES GLU A 291    57.98  33.3  55.31  41.8   2.68   6.4  52.18 100.9   5.80   4.7
RES LYS A 292   140.83  68.7 132.64  81.4   8.18  19.5  96.53  86.9  44.30  47.2
RES PHE A 293    61.14  30.6  55.03  34.1   6.11  15.9  60.00  36.4   1.13   3.2
RES ALA A 294     0.00   0.0   0.00   0.0   0.00   0.0   0.00   0.0   0.00   0.0
RES LEU A 295   112.60  62.7 112.22  80.3   0.38   1.0 112.22  78.8   0.38   1.0
RES LYS A 296   119.32  58.2 116.67  71.6   2.65   6.3  82.82  74.5  36.50  38.9
RES LEU A 297    17.56   9.8  15.36  11.0   2.20   5.5  16.91  11.9   0.66   1.8
RES CYS A 298     1.89   1.4   1.89   2.1   0.00   0.0   1.89   4.8   0.00   0.0
RES SER A 299    76.56  64.7  41.52  55.4  35.03  80.7  45.64  97.2  30.91  43.3
RES GLU A 300   116.65  67.0  79.31  60.0  37.33  88.9  36.13  69.9  80.52  65.7
RES LEU A 301    51.52  28.7  27.88  19.9  23.64  59.4  33.10  23.2  18.42  49.6
RES GLY A 302    71.62  88.3   0.00   N/A  71.62  88.3  37.20 102.1  34.43  77.1
RES LEU A 303    24.64  13.7   9.07   6.5  15.57  39.1  12.34   8.7  12.30  33.1
RES GLY A 304    41.76  51.5   0.00   N/A  41.76  51.5  28.08  77.1  13.67  30.6
RES GLY A 305    59.87  73.8   0.00   N/A  59.87  73.8  38.48 105.6  21.39  47.9
RES GLU A 306    89.95  51.6  83.48  63.2   6.47  15.4  32.77  63.4  57.17  46.7
RES PHE A 307     5.62   2.8   5.62   3.5   0.00   0.0   5.62   3.4   0.00   0.0
RES VAL A 308    37.01  24.4  37.01  33.5   0.00   0.0  37.01  32.2   0.00   0.0
RES THR A 309    80.06  56.9  73.61  74.6   6.45  15.4  70.34  94.5   9.72  14.7
RES THR A 310    10.89   7.7  10.89  11.0   0.00   0.0   1.33   1.8   9.56  14.5
RES ILE A 311     0.00   0.0   0.00   0.0   0.00   0.0   0.00   0.0   0.00   0.0
RES ALA A 312     5.75   5.3   5.75   8.9   0.00   0.0   5.75   8.1   0.00   0.0
RES TYR A 313     0.15   0.1   0.15   0.1   0.00   0.0   0.15   0.1   0.00   0.0
RES SER A 314     3.70   3.1   3.70   4.9   0.00   0.0   0.00   0.0   3.70   5.2
RES ILE A 315     0.00   0.0   0.00   0.0   0.00   0.0   0.00   0.0   0.00   0.0
RES ARG A 316    42.13  17.7  39.77  20.3   2.36   5.6   3.66   5.0  38.47  23.3
RES GLY A 317     0.00   0.0   0.00   N/A   0.00   0.0   0.00   0.0   0.00   0.0
RES GLN A 318     9.47   5.3   9.47   6.9   0.00   0.0   0.68   1.5   8.79   6.7
RES LEU A 319    23.55  13.1  23.55  16.8   0.00   0.0  23.55  16.5   0.00   0.0
RES SER A 320     3.94   3.3   3.35   4.5   0.59   1.4   0.81   1.7   3.13   4.4
RES TRP A 321    69.24  27.8  69.24  33.5   0.00   0.0  59.14  31.5  10.10  16.4
RES HIS A 322    31.15  17.0  31.15  21.7   0.00   0.0  21.00  21.6  10.15  11.8
RES GLN A 323    63.35  35.4  55.29  40.4   8.06  19.2   9.65  20.5  53.69  40.7
RES LYS A 324    74.90  36.5  53.85  33.0  21.05  50.1  49.23  44.3  25.67  27.3
RES THR A 325    43.03  30.6  42.10  42.7   0.93   2.2  39.47  53.0   3.57   5.4
RES TYR A 326    37.31  17.4  32.80  18.7   4.52  11.8  28.48  21.4   8.84  10.9
RES ALA A 327    83.79  77.0  39.88  61.5  43.91  99.9  51.51  72.5  32.28  85.5
RES PHE A 328   166.91  83.5 142.34  88.2  24.57  63.9 151.40  91.8  15.50  44.4
RES SER A 329    54.92  46.4  27.81  37.1  27.11  62.4  18.46  39.3  36.46  51.1
RES GLU A 330   161.66  92.8 127.73  96.6  33.92  80.8  50.21  97.1 111.45  91.0
RES ASN A 331   131.74  90.8 108.66 105.0  23.08  55.6  32.92  79.2  98.82  95.5
RES PRO A 332    82.44  60.1  65.68  59.9  16.76  60.9  68.50  56.6  13.93  86.6
RES LEU A 333    52.56  29.3  35.82  25.6  16.74  42.1  36.34  25.5  16.22  43.7
RES PRO A 334   106.65  77.7  93.11  84.9  13.54  49.2 104.55  86.3   2.09  13.0
RES THR A 335    93.73  66.7  84.61  85.8   9.12  21.7  66.94  89.9  26.79  40.5
RES VAL A 336    93.62  61.6  58.91  53.3  34.71  83.6  64.03  55.6  29.59  80.3
RES GLU A 337   161.28  92.6 120.00  90.8  41.28  98.3  46.26  89.5 115.02  93.9
RES ILE A 338   140.29  79.8 123.17  91.8  17.13  41.3 126.15  90.8  14.14  38.4
RES ALA A 339   100.01  92.0  62.44  96.4  37.56  85.5  64.40  90.7  35.61  94.3
RES ILE A 340   146.41  83.3 133.45  99.4  12.96  31.2 136.22  98.1  10.20  27.7
RES ARG A 341    99.54  41.8  78.45  40.0  21.09  50.2  29.38  40.2  70.16  42.5
RES ASN A 342    87.47  60.3  72.07  69.6  15.40  37.1  48.40 116.5  39.06  37.8
RES THR A 343   119.65  85.1 113.46 115.0   6.19  14.8  83.58 112.3  36.07  54.5
RES GLY A 344    52.88  65.2   0.00   N/A  52.88  65.2  38.92 106.8  13.96  31.3
RES ASP A 345    61.25  42.9  61.25  61.0   0.00   0.0   7.87  18.5  53.38  53.2
RES ALA A 346    39.47  36.3  31.38  48.4   8.09  18.4  32.49  45.8   6.98  18.5
RES ASP A 347   115.80  81.1  99.48  99.0  16.33  38.6  28.22  66.4  87.58  87.3
RES GLN A 348   120.18  67.2 102.40  74.8  17.78  42.3  36.88  78.5  83.30  63.2
RES TRP A 349    54.05  21.7  32.92  15.9  21.14  49.6  22.92  12.2  31.13  50.5
RES CYS A 350    68.08  51.5  60.41  67.4   7.67  18.0  29.89  75.7  38.19  41.2
RES PRO A 351    49.16  35.8  31.86  29.0  17.31  62.9  31.86  26.3  17.31 107.6
RES LEU A 352    95.01  52.9  93.67  67.0   1.35   3.4  94.82  66.6   0.19   0.5
RES LEU A 353    64.59  36.0  37.19  26.6  27.39  68.9  37.40  26.3  27.18  73.2
RES GLU A 354    64.45  37.0  58.96  44.6   5.49  13.1  23.03  44.5  41.43  33.8
RES THR A 355   103.73  73.8  72.81  73.8  30.93  73.7  44.97  60.4  58.76  88.8
RES LEU A 356    28.20  15.7  24.73  17.7   3.47   8.7  25.90  18.2   2.30   6.2
RES THR A 357    84.79  60.3  76.07  77.1   8.72  20.8  79.57 106.9   5.22   7.9
RES ASP A 358   119.85  84.0 111.62 111.1   8.23  19.5  39.76  93.6  80.09  79.9
RES ALA A 359    77.30  71.1  60.70  93.7  16.60  37.8  70.18  98.8   7.12  18.9
RES GLU A 360    84.32  48.4  80.21  60.7   4.11   9.8  32.42  62.7  51.89  42.4
RES MET A 361    12.70   6.6  12.70   8.4   0.00   0.0  12.70  10.8   0.00   0.0
RES GLU A 362    78.33  45.0  77.32  58.5   1.01   2.4  30.30  58.6  48.03  39.2
RES LYS A 363   128.10  62.5 127.94  78.5   0.16   0.4  70.73  63.7  57.37  61.1
RES LYS A 364    57.64  28.1  51.73  31.7   5.91  14.1  51.57  46.4   6.07   6.5
RES ILE A 365    32.27  18.4  32.16  24.0   0.11   0.3  32.16  23.2   0.11   0.3
RES ARG A 366   138.03  58.0 133.96  68.3   4.07   9.7  60.77  83.1  77.26  46.8
RES ASP A 367    50.54  35.4  46.74  46.5   3.80   9.0  19.87  46.8  30.68  30.6
RES GLN A 368    34.50  19.3  27.49  20.1   7.01  16.7  23.31  49.6  11.19   8.5
RES ASP A 369    52.32  36.6  50.68  50.4   1.64   3.9  16.22  38.2  36.10  36.0
RES ARG A 370   152.66  64.1 151.43  77.2   1.22   2.9  61.38  83.9  91.27  55.3
RES ASN A 371    78.98  54.5  76.65  74.1   2.33   5.6  18.31  44.1  60.67  58.6
RES THR A 372     9.83   7.0   8.07   8.2   1.76   4.2   7.28   9.8   2.55   3.9
RES ARG A 373   129.53  54.4 127.78  65.1   1.75   4.2  60.55  82.7  68.98  41.8
RES ARG A 374   148.94  62.5 145.85  74.4   3.08   7.3  46.91  64.1 102.03  61.8
RES MET A 375   106.29  55.0 103.79  68.7   2.51   6.0  91.51  77.8  14.78  19.6
RES ARG A 376    86.15  36.2  85.41  43.5   0.74   1.8  29.99  41.0  56.16  34.0
RES ARG A 377   184.88  77.6 180.87  92.2   4.01   9.5  61.37  83.9 123.51  74.9
RES LEU A 378    93.93  52.3  87.43  62.5   6.49  16.3  88.26  62.0   5.67  15.3
RES ALA A 379    57.15  52.6  32.75  50.5  24.40  55.5  42.10  59.3  15.05  39.9
RES ASN A 380   126.91  87.5  90.89  87.8  36.02  86.7  27.80  66.9  99.10  95.8
RES THR A 381   106.14  75.5  80.03  81.1  26.11  62.2  79.13 106.3  27.01  40.8
RES ALA A 382    66.63  61.3  46.37  71.6  20.26  46.1  51.66  72.7  14.97  39.7
RES PRO A 383    83.98  61.2  62.01  56.5  21.97  79.9  73.12  60.4  10.86  67.5
RES ALA A 384   111.13 102.2  69.19 106.8  41.94  95.4  80.56 113.4  30.57  81.0
RES TRP A 385   284.88 114.3 190.11  92.0  94.77 222.5 179.44  95.7 105.44 171.1
END  Absolute sums over single chains surface
CHAIN  1 A    28386.2      22991.8       5394.4      16063.2      12323.0
END  Absolute sums over all chains
TOTAL         28386.2      22991.8       5394.4      16063.2      12323.0
