#Res        AtomicFlx
   1.000      10.4974
   2.000       9.2700
   3.000      10.0145
   4.000       8.8347
   5.000       9.3902
   6.000       9.8303
   7.000       9.1886
   8.000       8.9505
   9.000       9.1942
  10.000       9.7782
  11.000       9.8341
  12.000      10.3479
  13.000       9.6218
  14.000       9.4601
  15.000      10.3175
  16.000      10.4844
  17.000      10.9994
  18.000      12.2647
  19.000      12.3358
  20.000      13.4478
  21.000      14.3642
  22.000      13.9021
  23.000      12.4692
  24.000      11.2792
  25.000      11.1206
  26.000      10.8062
  27.000       9.6212
  28.000      10.0001
  29.000       9.6066
  30.000       9.7933
  31.000       9.6625
  32.000       8.9672
  33.000       9.1279
  34.000       9.4566
  35.000       8.9940
  36.000       8.7719
  37.000       9.6447
  38.000       9.3357
  39.000      10.2040
  40.000      11.2816
  41.000      10.3612
  42.000      10.1256
  43.000       9.3288
  44.000      10.0597
  45.000      10.9839
  46.000       9.6832
  47.000       9.0230
  48.000      10.2985
  49.000       9.9112
  50.000       9.4353
  51.000      10.4442
  52.000      10.7633
  53.000      11.8227
  54.000      12.1495
  55.000      12.2408
  56.000      13.3692
  57.000      14.0875
  58.000      14.4530
  59.000      12.7783
  60.000      12.7680
  61.000      13.9746
  62.000      13.4139
  63.000      11.7879
  64.000      12.5257
  65.000      13.2058
  66.000      12.5045
  67.000      12.0224
  68.000      13.4865
  69.000      13.3648
  70.000      12.2293
  71.000      13.2410
  72.000      14.5115
  73.000      14.4925
  74.000      15.2746
  75.000      14.6198
  76.000      13.0389
  77.000      12.4895
  78.000      12.3419
  79.000      10.9915
  80.000      11.8083
  81.000      11.2180
  82.000      11.2025
  83.000      12.4302
  84.000      12.5678
  85.000      11.8668
  86.000      12.7747
  87.000      11.9665
  88.000      11.2492
  89.000      10.6201
  90.000      10.7286
  91.000       9.5934
  92.000      10.0358
  93.000       9.5046
  94.000       9.4150
  95.000       9.0417
  96.000       8.6438
  97.000       9.0736
  98.000       8.5138
  99.000       8.2787
 100.000       8.4437
 101.000       8.5918
 102.000       8.2423
 103.000       8.3661
 104.000       8.3936
 105.000       8.8376
 106.000       8.9460
 107.000       8.8392
 108.000       9.3964
 109.000       9.7148
 110.000      10.3618
 111.000       9.7133
 112.000      10.5845
 113.000      11.2677
 114.000      12.2597
 115.000      12.4185
 116.000      13.8027
 117.000      15.8932
 118.000      16.1216
 119.000      18.5585
 120.000      18.2301
 121.000      18.8703
 122.000      17.1712
 123.000      17.7022
 124.000      18.6731
 125.000      17.1184
 126.000      17.1757
 127.000      15.0017
 128.000      15.2441
 129.000      14.2080
 130.000      14.5137
 131.000      12.6475
 132.000      12.9568
 133.000      12.5358
 134.000      11.8694
 135.000      12.0400
 136.000      10.8599
 137.000       9.9216
 138.000       9.4267
 139.000       9.6831
 140.000       9.2903
 141.000       8.5215
 142.000       8.9804
 143.000       9.5085
 144.000       9.6108
 145.000       9.3530
 146.000      10.2741
 147.000      10.1359
 148.000       9.7272
 149.000      10.5465
 150.000      10.9938
 151.000      11.3041
 152.000      12.7672
 153.000      13.5971
 154.000      13.5809
 155.000      12.7820
 156.000      12.3907
 157.000      12.3330
 158.000      14.6402
 159.000      13.0383
 160.000      11.3315
 161.000      13.3327
 162.000      11.5847
 163.000      10.7527
 164.000      10.3877
 165.000       9.9994
 166.000       9.9762
 167.000       9.1968
 168.000       9.2085
 169.000       9.4327
 170.000       9.5187
 171.000       8.8872
 172.000       8.2920
 173.000       8.2261
 174.000       8.2025
 175.000       8.1089
 176.000       8.2473
 177.000       8.5888
 178.000       8.4107
 179.000       8.0322
 180.000       8.4866
 181.000       8.6789
 182.000       8.4132
 183.000       8.2705
 184.000       7.9516
 185.000       7.8323
 186.000       7.6665
 187.000       7.8832
 188.000       7.9166
 189.000       8.4034
 190.000       9.2749
 191.000       9.7410
 192.000      10.9955
 193.000      11.5634
 194.000      13.4641
 195.000      13.5122
 196.000      15.0747
 197.000      14.8364
 198.000      13.9326
 199.000      13.2019
 200.000      11.2540
 201.000      11.1459
 202.000       9.5268
 203.000       8.8128
 204.000       8.4295
 205.000       7.8403
 206.000       8.1563
 207.000       7.7050
 208.000       8.1819
 209.000       8.0890
 210.000       8.0272
 211.000       8.4732
 212.000       8.4099
 213.000       8.6441
 214.000       9.1178
 215.000       9.2215
 216.000      10.1016
 217.000       9.6120
 218.000       9.1127
 219.000      10.1180
 220.000      10.9564
 221.000      10.0910
 222.000      10.3174
 223.000      11.4985
 224.000      11.7583
 225.000      11.1184
 226.000      11.6309
 227.000      13.1197
 228.000      12.3713
 229.000      13.4921
 230.000      12.6002
 231.000      13.4599
 232.000      12.9698
 233.000      12.0930
 234.000      11.2150
 235.000      11.5869
 236.000      11.2162
 237.000      10.3230
 238.000      10.0590
 239.000      10.4712
 240.000       9.8483
 241.000       9.1090
 242.000       9.7164
 243.000       9.9563
 244.000       9.0051
 245.000       8.8344
 246.000      10.0018
 247.000       9.2874
 248.000       8.5254
 249.000       8.9273
 250.000       9.8563
 251.000      10.3223
 252.000       9.6880
 253.000      10.7443
 254.000       9.7484
 255.000       9.2149
 256.000      10.8647
 257.000      10.9845
 258.000      10.6005
 259.000      10.3588
 260.000       9.8266
 261.000       9.9013
 262.000       8.6388
 263.000       8.6216
 264.000       8.0625
 265.000       8.6613
 266.000       8.5268
 267.000       9.1573
 268.000       9.4000
 269.000      10.9200
 270.000      11.5329
 271.000      12.5100
 272.000      13.3763
 273.000      11.8321
 274.000      10.8490
 275.000       9.8264
 276.000       9.5408
 277.000       8.9481
 278.000       8.8296
 279.000       8.3554
 280.000       8.8361
 281.000       8.1820
 282.000       8.7037
 283.000       8.7573
 284.000       8.9959
 285.000       8.7445
 286.000       9.0893
 287.000       9.5745
 288.000       8.8259
 289.000       8.1679
 290.000       7.8305
 291.000       8.3795
 292.000       9.2480
 293.000       9.2433
 294.000       8.8283
 295.000       9.7311
 296.000      10.3240
 297.000       9.7333
 298.000      10.1801
 299.000      11.2984
 300.000      11.5824
 301.000      11.2331
 302.000      11.9947
 303.000      11.0755
 304.000      10.8212
 305.000      10.0980
 306.000      10.4920
 307.000      10.1183
 308.000       9.0652
 309.000       8.7149
 310.000       8.7426
 311.000       8.4231
 312.000       7.8623
 313.000       8.1310
 314.000       7.9197
 315.000       7.7041
 316.000       7.5910
 317.000       7.9143
 318.000       8.2111
 319.000       8.0291
 320.000       8.2326
 321.000       9.2508
 322.000       8.6312
 323.000       8.8233
 324.000       9.4918
 325.000       9.6799
 326.000       9.7840
 327.000      10.2421
 328.000      10.6630
 329.000       9.4777
 330.000      10.6359
 331.000       9.9599
 332.000       9.6733
 333.000       9.5275
 334.000       8.5629
 335.000       9.6575
 336.000       9.5904
 337.000      11.2684
 338.000      10.4083
 339.000      10.5968
 340.000      11.8695
 341.000      10.4602
 342.000      12.2155
 343.000      12.2718
 344.000      12.4697
 345.000      11.9280
 346.000      11.7683
 347.000      10.4848
 348.000      10.0829
 349.000       9.4377
 350.000       9.9706
 351.000       9.9013
 352.000      10.4151
 353.000      11.2492
 354.000      11.8690
 355.000      13.0296
 356.000      12.8316
 357.000      14.3857
 358.000      15.0933
 359.000      14.6793
 360.000      13.3152
 361.000      13.2859
 362.000      14.2082
 363.000      13.3111
 364.000      11.6907
 365.000      12.4712
 366.000      13.4599
 367.000      11.7789
 368.000      10.9710
 369.000      12.1406
 370.000      12.4508
 371.000      10.4917
 372.000      10.8362
 373.000      12.5606
 374.000      10.9183
 375.000      10.6518
 376.000      13.3183
 377.000      13.2724
 378.000      10.6238
 379.000      11.3359
 380.000      12.9435
 381.000      12.1107
 382.000      10.9193
 383.000      10.2259
 384.000      11.4326
 385.000      10.6172
