#Res        AtomicFlx
   1.000      10.3327
   2.000       8.4978
   3.000       9.4832
   4.000       9.6452
   5.000       8.6158
   6.000      10.5736
   7.000      11.0011
   8.000       9.0311
   9.000       9.9718
  10.000      10.9551
  11.000      11.4369
  12.000      12.4006
  13.000      11.2043
  14.000      10.4837
  15.000      11.6370
  16.000      11.8608
  17.000      11.3454
  18.000      13.1802
  19.000      12.0681
  20.000      13.7670
  21.000      15.5745
  22.000      15.5476
  23.000      13.6596
  24.000      12.1455
  25.000      12.2975
  26.000      10.8289
  27.000       9.8830
  28.000       9.6158
  29.000       8.7081
  30.000       9.1651
  31.000       9.8408
  32.000       8.7915
  33.000       8.6955
  34.000       9.6329
  35.000       9.6468
  36.000       8.5693
  37.000       9.9698
  38.000       8.5400
  39.000       9.9396
  40.000      10.8375
  41.000       9.2052
  42.000       9.0887
  43.000       8.2943
  44.000       8.5296
  45.000       9.6250
  46.000       8.4757
  47.000       8.3216
  48.000       9.2776
  49.000       9.5517
  50.000       8.7843
  51.000       9.8187
  52.000       9.1340
  53.000      10.0868
  54.000       9.7134
  55.000      10.1061
  56.000      10.9133
  57.000      11.5721
  58.000      12.5772
  59.000      11.2550
  60.000      11.3957
  61.000      12.7867
  62.000      12.8533
  63.000      11.4214
  64.000      12.5665
  65.000      13.6095
  66.000      12.9846
  67.000      13.2646
  68.000      14.7363
  69.000      15.7008
  70.000      14.4101
  71.000      15.5944
  72.000      16.4607
  73.000      16.0301
  74.000      15.5159
  75.000      14.3939
  76.000      13.1341
  77.000      11.9762
  78.000      12.4562
  79.000      11.6634
  80.000      12.3815
  81.000      11.1464
  82.000      11.2953
  83.000      12.4631
  84.000      12.4025
  85.000      11.1191
  86.000      10.7613
  87.000      10.0187
  88.000       9.7758
  89.000       9.0330
  90.000       9.4990
  91.000       8.9914
  92.000      10.2082
  93.000      10.2597
  94.000      10.6631
  95.000       9.6994
  96.000       9.2028
  97.000      10.3731
  98.000       9.7352
  99.000       8.4178
 100.000       9.2961
 101.000       9.6369
 102.000       8.6341
 103.000       9.4057
 104.000       8.5368
 105.000       9.5289
 106.000       9.9848
 107.000       9.0713
 108.000       9.4324
 109.000      10.1116
 110.000      11.6458
 111.000      11.4481
 112.000      12.2865
 113.000      10.7182
 114.000      10.6286
 115.000       9.9615
 116.000       9.5314
 117.000       9.2813
 118.000       8.9484
 119.000       9.5623
 120.000       9.4845
 121.000      10.0324
 122.000      11.1638
 123.000      11.0020
 124.000      12.6379
 125.000      12.1478
 126.000      12.3872
 127.000      11.0717
 128.000      12.9020
 129.000      13.2869
 130.000      13.2001
 131.000      10.9602
 132.000      11.6426
 133.000      10.9853
 134.000      11.1148
 135.000      10.7427
 136.000      10.1150
 137.000      11.8716
 138.000      11.9081
 139.000      12.8562
 140.000      11.8801
 141.000      11.0820
 142.000      12.8564
 143.000      13.2054
 144.000      13.5336
 145.000      12.8218
 146.000      13.4161
 147.000      13.6227
 148.000      12.6914
 149.000      12.7156
 150.000      13.0516
 151.000      11.9064
 152.000      11.7848
 153.000      11.5651
 154.000      11.6123
 155.000      11.6997
 156.000      12.0479
 157.000      12.7163
 158.000      12.8516
 159.000      12.6705
 160.000      12.7673
 161.000      13.4125
 162.000      11.7559
 163.000      12.3422
 164.000      11.6052
 165.000      10.7998
 166.000      10.2764
 167.000       9.7566
 168.000       9.8809
 169.000      10.9512
 170.000      10.8809
 171.000       9.7040
 172.000      10.5646
 173.000      10.3153
 174.000      10.0396
 175.000       9.4840
 176.000       9.1465
 177.000       9.1379
 178.000       9.1644
 179.000       8.4594
 180.000       8.3518
 181.000       8.5048
 182.000       8.5209
 183.000       8.2249
 184.000       8.1934
 185.000       8.2415
 186.000       8.6418
 187.000       9.0034
 188.000       9.6629
 189.000       9.7664
 190.000      11.2334
 191.000      10.9028
 192.000      12.2011
 193.000      11.9178
 194.000      13.5973
 195.000      12.9190
 196.000      14.1678
 197.000      14.5148
 198.000      13.6312
 199.000      13.7038
 200.000      12.0639
 201.000      12.9072
 202.000      11.2336
 203.000      11.0206
 204.000      10.0057
 205.000       9.3966
 206.000       8.7825
 207.000       8.2254
 208.000       8.3338
 209.000       8.1297
 210.000       8.3796
 211.000       8.6973
 212.000       8.9901
 213.000       9.1087
 214.000       9.0188
 215.000       9.0426
 216.000       9.4575
 217.000       9.8807
 218.000       9.8015
 219.000      10.2025
 220.000      10.8871
 221.000      10.9320
 222.000      11.1458
 223.000      11.6347
 224.000      12.4652
 225.000      12.2786
 226.000      12.7376
 227.000      13.7133
 228.000      12.5718
 229.000      12.6155
 230.000      11.8856
 231.000      11.9464
 232.000      11.8228
 233.000      11.7619
 234.000      10.5273
 235.000      10.3877
 236.000      10.6034
 237.000      10.3446
 238.000       9.5972
 239.000       9.8509
 240.000       9.9687
 241.000       9.3578
 242.000       9.0403
 243.000       9.5406
 244.000       9.8302
 245.000       9.0123
 246.000       9.4860
 247.000       9.8559
 248.000       9.2597
 249.000       9.6260
 250.000       9.5575
 251.000      10.1866
 252.000      10.3178
 253.000      10.8896
 254.000      11.2101
 255.000      10.4412
 256.000      11.2248
 257.000      11.9530
 258.000      11.9814
 259.000      12.6923
 260.000      12.2764
 261.000      12.7836
 262.000      12.2632
 263.000      13.1928
 264.000      12.2408
 265.000      13.4990
 266.000      12.9340
 267.000      13.7686
 268.000      13.1959
 269.000      13.4970
 270.000      13.7329
 271.000      14.7701
 272.000      15.8917
 273.000      14.9243
 274.000      15.0017
 275.000      13.8728
 276.000      14.6873
 277.000      13.7950
 278.000      14.3492
 279.000      12.3817
 280.000      13.4668
 281.000      11.9076
 282.000      11.4643
 283.000      10.9993
 284.000      10.8232
 285.000      10.4461
 286.000       9.8819
 287.000      10.7551
 288.000      10.6790
 289.000       9.5963
 290.000       9.9650
 291.000       9.7547
 292.000      10.2432
 293.000      11.3316
 294.000      11.0408
 295.000      10.9248
 296.000      11.6815
 297.000      12.3727
 298.000      12.1886
 299.000      12.3939
 300.000      13.3739
 301.000      13.7289
 302.000      13.5755
 303.000      13.1319
 304.000      12.3931
 305.000      11.5739
 306.000      12.0572
 307.000      12.6359
 308.000      11.0227
 309.000      10.6866
 310.000      11.5491
 311.000      11.5051
 312.000      10.4148
 313.000      10.7494
 314.000      11.3498
 315.000      10.9036
 316.000       9.6860
 317.000      10.6704
 318.000      11.5483
 319.000      10.7242
 320.000      10.5046
 321.000      11.8942
 322.000      11.7422
 323.000      10.6775
 324.000      11.2806
 325.000      12.3104
 326.000      12.5515
 327.000      11.4374
 328.000      11.9927
 329.000      13.0340
 330.000      14.2973
 331.000      14.8502
 332.000      13.5509
 333.000      13.5099
 334.000      14.1279
 335.000      13.2671
 336.000      13.8799
 337.000      15.0643
 338.000      15.6424
 339.000      15.1279
 340.000      16.3327
 341.000      15.7557
 342.000      17.5115
 343.000      18.4959
 344.000      18.1651
 345.000      16.9141
 346.000      16.5248
 347.000      16.8625
 348.000      16.2578
 349.000      15.1604
 350.000      15.1724
 351.000      14.5437
 352.000      15.7082
 353.000      15.1761
 354.000      16.5754
 355.000      16.7491
 356.000      16.6921
 357.000      18.3144
 358.000      18.0334
 359.000      18.5265
 360.000      17.9422
 361.000      15.8870
 362.000      16.9693
 363.000      17.5956
 364.000      15.5292
 365.000      14.8306
 366.000      17.0125
 367.000      15.7843
 368.000      13.5267
 369.000      14.2171
 370.000      15.7811
 371.000      13.9379
 372.000      12.7781
 373.000      14.2672
 374.000      15.1783
 375.000      12.3130
 376.000      12.0467
 377.000      14.3519
 378.000      13.5952
 379.000      12.1007
 380.000      12.4111
 381.000      13.6507
 382.000      13.6249
 383.000      13.6697
 384.000      13.7415
 385.000      13.6325
