#Res        AtomicFlx
   1.000      18.9068
   2.000      18.7449
   3.000      19.5704
   4.000      19.6382
   5.000      19.0780
   6.000      20.2146
   7.000      19.4182
   8.000      20.1620
   9.000      18.7957
  10.000      18.2641
  11.000      18.2360
  12.000      18.4762
  13.000      18.5084
  14.000      17.8664
  15.000      18.2876
  16.000      18.5904
  17.000      17.8978
  18.000      19.0595
  19.000      18.3836
  20.000      19.0936
  21.000      20.4046
  22.000      20.7959
  23.000      19.4831
  24.000      19.1215
  25.000      18.9961
  26.000      18.0948
  27.000      17.7699
  28.000      17.6379
  29.000      17.9334
  30.000      18.0543
  31.000      17.6939
  32.000      17.9271
  33.000      18.2208
  34.000      18.0507
  35.000      18.2293
  36.000      18.6897
  37.000      18.8321
  38.000      19.3182
  39.000      19.0638
  40.000      20.2306
  41.000      19.8568
  42.000      20.2171
  43.000      19.3440
  44.000      19.6675
  45.000      21.8455
  46.000      21.2311
  47.000      20.7608
  48.000      21.8200
  49.000      21.7428
  50.000      19.8597
  51.000      19.2062
  52.000      19.2995
  53.000      18.4787
  54.000      19.0282
  55.000      18.4934
  56.000      18.8755
  57.000      19.8049
  58.000      19.5491
  59.000      18.3837
  60.000      19.1872
  61.000      20.0154
  62.000      18.9901
  63.000      18.3270
  64.000      19.5347
  65.000      19.8345
  66.000      19.0980
  67.000      19.1759
  68.000      21.0973
  69.000      20.9503
  70.000      19.6897
  71.000      20.3606
  72.000      21.3022
  73.000      20.7968
  74.000      20.6880
  75.000      19.7212
  76.000      19.1922
  77.000      18.3354
  78.000      19.4340
  79.000      18.2234
  80.000      19.8630
  81.000      19.2799
  82.000      19.0352
  83.000      20.3699
  84.000      21.3982
  85.000      20.1855
  86.000      20.7510
  87.000      19.6018
  88.000      18.5410
  89.000      18.3408
  90.000      17.9309
  91.000      18.1631
  92.000      18.8702
  93.000      18.6242
  94.000      19.6624
  95.000      19.8218
  96.000      18.7699
  97.000      19.8571
  98.000      21.3287
  99.000      20.0602
 100.000      19.7331
 101.000      21.8413
 102.000      22.2629
 103.000      22.9496
 104.000      22.1808
 105.000      24.3033
 106.000      22.9897
 107.000      21.3535
 108.000      23.1492
 109.000      23.6987
 110.000      24.4269
 111.000      23.6205
 112.000      23.8454
 113.000      23.4583
 114.000      23.7622
 115.000      23.7460
 116.000      23.3923
 117.000      23.9041
 118.000      24.6962
 119.000      24.5467
 120.000      23.8095
 121.000      24.4883
 122.000      24.4175
 123.000      23.0997
 124.000      24.6880
 125.000      23.7928
 126.000      22.1042
 127.000      21.4790
 128.000      19.2343
 129.000      16.5555
 130.000      14.2992
 131.000      13.1742
 132.000      13.4784
 133.000      12.5535
 134.000      12.2508
 135.000      13.1255
 136.000      12.6590
 137.000      12.4008
 138.000      12.2857
 139.000      11.4661
 140.000      10.7209
 141.000      11.4631
 142.000      10.9892
 143.000       9.5131
 144.000       8.9013
 145.000       8.8162
 146.000       8.2006
 147.000       8.0032
 148.000       8.2927
 149.000       8.5257
 150.000       8.4604
 151.000       8.6976
 152.000       9.4226
 153.000       9.7448
 154.000      10.2057
 155.000      10.0084
 156.000      10.5340
 157.000      11.4548
 158.000      12.9336
 159.000      13.0026
 160.000      12.5667
 161.000      11.4125
 162.000      10.8526
 163.000      12.8462
 164.000      12.5596
 165.000      12.2242
 166.000      10.5571
 167.000      12.3845
 168.000      13.3138
 169.000      14.0948
 170.000      13.0873
 171.000      13.2449
 172.000      14.3357
 173.000      14.9441
 174.000      15.8337
 175.000      15.0377
 176.000      14.5420
 177.000      16.5351
 178.000      16.5181
 179.000      14.7679
 180.000      15.7546
 181.000      16.9286
 182.000      16.3916
 183.000      16.1247
 184.000      14.8737
 185.000      14.7057
 186.000      13.6416
 187.000      13.1495
 188.000      12.1922
 189.000      11.4504
 190.000       9.9638
 191.000      10.1657
 192.000       9.4293
 193.000      10.3132
 194.000      10.1431
 195.000      11.1242
 196.000      11.8253
 197.000      10.4114
 198.000      10.1656
 199.000       9.0548
 200.000       9.4457
 201.000       8.6035
 202.000       9.3506
 203.000       9.7440
 204.000      10.7548
 205.000      11.9689
 206.000      12.7675
 207.000      13.7780
 208.000      14.7395
 209.000      15.3618
 210.000      14.1072
 211.000      15.6114
 212.000      13.8134
 213.000      13.0643
 214.000      14.0276
 215.000      13.3976
 216.000      13.8891
 217.000      13.2282
 218.000      11.5920
 219.000      11.8069
 220.000      12.4062
 221.000      11.2409
 222.000      10.3182
 223.000      10.7980
 224.000      10.6704
 225.000       9.7078
 226.000       9.3190
 227.000      10.0707
 228.000      10.3956
 229.000      11.9826
 230.000      12.3464
 231.000      13.6230
 232.000      12.6637
 233.000      11.2432
 234.000      12.5363
 235.000      13.2521
 236.000      12.1801
 237.000      11.5570
 238.000      12.9463
 239.000      13.2073
 240.000      12.2156
 241.000      12.5466
 242.000      14.4420
 243.000      13.6806
 244.000      12.4535
 245.000      14.1451
 246.000      15.3188
 247.000      13.9980
 248.000      14.4258
 249.000      15.2270
 250.000      16.6257
 251.000      17.5294
 252.000      16.9697
 253.000      16.7137
 254.000      17.6446
 255.000      19.0583
 256.000      19.9301
 257.000      18.6949
 258.000      18.7115
 259.000      17.8366
 260.000      17.2532
 261.000      16.2596
 262.000      14.2756
 263.000      13.0216
 264.000      12.2658
 265.000      11.0345
 266.000      10.5322
 267.000       9.1111
 268.000       9.1235
 269.000       7.9504
 270.000       8.3505
 271.000       8.0159
 272.000       8.4006
 273.000       8.9097
 274.000       8.9262
 275.000       9.8021
 276.000      10.1045
 277.000      11.3312
 278.000      12.0573
 279.000      12.6842
 280.000      14.2174
 281.000      14.0662
 282.000      15.8653
 283.000      15.5400
 284.000      16.8651
 285.000      16.4177
 286.000      17.1757
 287.000      16.6218
 288.000      15.2982
 289.000      14.0255
 290.000      13.0590
 291.000      12.6300
 292.000      13.7842
 293.000      12.9562
 294.000      11.7730
 295.000      12.1299
 296.000      13.4426
 297.000      11.9177
 298.000      11.0966
 299.000      12.2290
 300.000      13.0676
 301.000      11.4659
 302.000      11.0459
 303.000      10.2691
 304.000       9.9549
 305.000       9.7446
 306.000       8.9924
 307.000       9.5416
 308.000      10.6693
 309.000      10.3552
 310.000       9.8327
 311.000      10.7679
 312.000      11.5111
 313.000      10.7748
 314.000      10.8628
 315.000      12.1656
 316.000      12.8290
 317.000      12.0008
 318.000      11.7259
 319.000      13.5703
 320.000      13.4520
 321.000      12.6272
 322.000      13.6333
 323.000      15.2495
 324.000      14.4454
 325.000      14.1454
 326.000      15.5923
 327.000      15.2633
 328.000      14.6254
 329.000      14.4312
 330.000      14.9584
 331.000      14.9774
 332.000      15.1006
 333.000      14.0039
 334.000      14.4386
 335.000      15.0005
 336.000      14.9133
 337.000      16.4601
 338.000      16.0884
 339.000      15.7302
 340.000      15.8328
 341.000      14.9576
 342.000      16.0869
 343.000      15.9026
 344.000      15.0706
 345.000      13.9401
 346.000      13.8001
 347.000      12.9148
 348.000      12.2875
 349.000      13.2109
 350.000      12.4583
 351.000      11.8238
 352.000      10.9215
 353.000      10.5416
 354.000       9.9447
 355.000       9.7458
 356.000       8.6020
 357.000       9.3225
 358.000       9.1531
 359.000       8.9603
 360.000       8.8320
 361.000       7.9510
 362.000       8.2322
 363.000       8.3459
 364.000       7.6814
 365.000       7.4682
 366.000       8.3021
 367.000       7.8550
 368.000       7.6549
 369.000       7.7546
 370.000       7.9708
 371.000       8.3715
 372.000       8.3560
 373.000       8.7159
 374.000       9.2457
 375.000       9.9574
 376.000      10.0526
 377.000      10.1957
 378.000      10.7741
 379.000      11.3001
 380.000      11.7315
 381.000      12.3312
 382.000      12.9820
 383.000      14.3687
 384.000      14.7292
 385.000      12.9070
