Distance from Center (cmd=annotatePeaks.pl /home/ec2-user/atac_analysis_gorkin/heatmaps/new_figure/motif_density_plots/I315X-R1_peaks.narrowPeak hg38 -m AP-1_motif.txt -hist 10 -size 1000)	AP-1(bZIP)/ThioMac-PU.1-ChIP-Seq(GSE21512)/Homer total sites	AP-1(bZIP)/ThioMac-PU.1-ChIP-Seq(GSE21512)/Homer + sites	AP-1(bZIP)/ThioMac-PU.1-ChIP-Seq(GSE21512)/Homer - sites	A frequency	C frequency	G frequency	T frequency
-500	2.68312315535283e-05	0.000120203917359807	0	0.266856	0.2360334	0.2382948	0.2588158
-490	0.00046471693050711	0.000233968339146767	0.0001330829085055	0.2655887	0.2364068	0.2388069	0.2591976
-480	0.000513013147303461	0.000277971558894553	0.000247920579554602	0.2670303	0.2357787	0.2383971	0.2587942
-470	0.000548430372954119	0.000279044808156694	0.000283337805205259	0.2673476	0.2350073	0.2396792	0.2579661
-460	0.000566675610410518	0.000269385564797424	0.000267239066273142	0.265436	0.2366541	0.2397093	0.2582004
-450	0.000510866648779179	0.000250067078078884	0.000276898309632412	0.2653026	0.2379117	0.2395029	0.2572829
-440	0.000530185135497719	0.00023718808693319	0.000228602092836061	0.2655111	0.2372083	0.2394985	0.257782
-430	0.000448618191574993	0.000272605312583848	0.000258653072176013	0.2653015	0.2385016	0.2397408	0.2564557
-420	0.000591360343439764	0.000304802790448082	0.000275825060370271	0.2658471	0.2383473	0.2394047	0.2564011
-410	0.000533404883284143	0.000273678561845989	0.000260799570700295	0.2634739	0.2384859	0.2415681	0.256472
-400	0.000530185135497719	0.000238261336195331	0.000272605312583848	0.2635103	0.2394402	0.2423187	0.2547303
-390	0.00048296216796351	0.000228602092836061	0.000251140327341025	0.2636965	0.2408321	0.240929	0.2545421
-380	0.000505500402468473	0.000256506573651731	0.000233968339146767	0.2626573	0.2418175	0.2423274	0.2531975
-370	0.000441105446740005	0.000247920579554602	0.000233968339146767	0.2616012	0.2412118	0.243857	0.25333
-360	0.000581701100080494	0.000288704051515965	0.000266165817011001	0.2619022	0.2410074	0.2437452	0.2533451
-350	0.000563455862624094	0.000269385564797424	0.000290850550040247	0.2607912	0.2422295	0.2438721	0.2531073
-340	0.000513013147303461	0.000260799570700295	0.000261872819962436	0.260776	0.2440411	0.2436409	0.2515421
-330	0.00049262141132278	0.000250067078078884	0.000251140327341025	0.2594357	0.2427792	0.2465131	0.2512721
-320	0.000532331634022002	0.000288704051515965	0.000248993828816743	0.2606406	0.2426091	0.2460021	0.2507481
-310	0.000526965387711296	0.000233968339146767	0.000277971558894553	0.2601133	0.2433548	0.2465129	0.2500189
-300	0.00049262141132278	0.000269385564797424	0.000233968339146767	0.2583547	0.2449845	0.247506	0.2491551
-290	0.000526965387711296	0.00024684733029246	0.000272605312583848	0.2581911	0.2456212	0.2468725	0.2493152
-280	0.000499060906895626	0.000271532063321706	0.000235041588408908	0.256882	0.2467831	0.2487712	0.2475638
-270	0.000567748859672659	0.000281191306680977	0.000247920579554602	0.2563117	0.2471283	0.2493046	0.2472554
-260	0.000505500402468473	0.000272605312583848	0.0002844110544674	0.2557287	0.2479933	0.2495606	0.2467175
-250	0.000563455862624094	0.000272605312583848	0.000272605312583848	0.2546606	0.2492377	0.2503263	0.2457751
-240	0.000547357123691978	0.000292997048564529	0.000259726321438154	0.2533944	0.2504867	0.2511742	0.2449447
-230	0.000564529111886236	0.000266165817011001	0.0002844110544674	0.2518281	0.2509106	0.2534869	0.2437741
-220	0.000563455862624094	0.000271532063321706	0.00027475181110813	0.2504759	0.2513787	0.254566	0.2435794
-210	0.000538771129594848	0.000275825060370271	0.000270458814059565	0.2490871	0.2533384	0.2557244	0.2418497
-200	0.000604239334585457	0.000304802790448082	0.000313388784545211	0.2482677	0.2539969	0.2572787	0.2404568
-190	0.000564529111886236	0.000270458814059565	0.000285484303729541	0.2463061	0.2563671	0.2576635	0.2396636
-180	0.000488328414274215	0.000258653072176013	0.000251140327341025	0.2456771	0.2560489	0.2594793	0.2387947
-170	0.000564529111886236	0.000275825060370271	0.000254360075127448	0.2438512	0.2579343	0.2605829	0.2376316
-160	0.000515159645827743	0.000296216796350952	0.000261872819962436	0.2421904	0.2588014	0.2621392	0.2368687
-150	0.000572041856721223	0.000281191306680977	0.000277971558894553	0.2421172	0.2605183	0.2614573	0.2359071
-140	0.000619264824255433	0.000325194526428763	0.000275825060370271	0.2412049	0.2601922	0.2634528	0.2351499
-130	0.000593506841964046	0.000292997048564529	0.000326267775690904	0.2401368	0.2612572	0.2648341	0.2337718
-120	0.000526965387711296	0.000261872819962436	0.000268312315535283	0.2399147	0.2621236	0.2662662	0.2316953
-110	0.000590287094177623	0.000301583042661658	0.000292997048564529	0.2382249	0.2624066	0.2674505	0.2319181
-100	0.000610678830158304	0.000286557552991682	0.000308022538234505	0.2347278	0.2651184	0.2678645	0.2322892
-90	0.000594580091226187	0.000315535283069493	0.000280118057418836	0.2342705	0.2660091	0.2677334	0.2319869
-80	0.000618191574993292	0.000264019318486719	0.000332707271263751	0.2331884	0.2675698	0.2695664	0.2296753
-70	0.000557016367051248	0.000333780520525892	0.000269385564797424	0.2331282	0.2686745	0.2699707	0.2282261
-60	0.000610678830158304	0.000269385564797424	0.000314462033807352	0.229345	0.2710788	0.2717253	0.2278509
-50	0.000574188355245506	0.0002844110544674	0.000281191306680977	0.2284833	0.2718319	0.2721739	0.227511
-40	0.000541990877381272	0.00029407029782667	0.000276898309632412	0.2269936	0.2712304	0.2743373	0.2274389
-30	0.000693319023343171	0.000373490743225114	0.000285484303729541	0.2263386	0.2720751	0.2749641	0.2266223
-20	0.000737322243090958	0.000330560772739469	0.000391735980681513	0.224669	0.2745478	0.274275	0.2265081
-10	0.000611752079420445	0.000295143547088811	0.000335927019050174	0.222963	0.275899	0.2756567	0.2254812
0	0.000641803058760397	0.000342366514623021	0.000290850550040247	0.2249906	0.2748716	0.2767337	0.2234039
10	0.000648242554333244	0.00033163402200161	0.000343439763885162	0.2238213	0.2753008	0.2758291	0.2250486
20	0.00067292728736249	0.000310169036758787	0.000326267775690904	0.2266151	0.2744651	0.2735324	0.2253874
30	0.000620338073517574	0.000325194526428763	0.000319828280118057	0.226332	0.2750944	0.2722288	0.2263448
40	0.000660048296216796	0.00034129326536088	0.000325194526428763	0.2265903	0.2731217	0.2734034	0.2268848
50	0.000643949557284679	0.000338073517574457	0.000323048027904481	0.2262975	0.2730753	0.2719781	0.2286491
60	0.000654682049906091	0.0002844110544674	0.000318755030855916	0.2272539	0.2717866	0.2703226	0.2306369
70	0.000567748859672659	0.0002844110544674	0.000300509793399517	0.2284027	0.270101	0.2701549	0.2313414
80	0.00054950362221626	0.00026509256774886	0.000285484303729541	0.2284997	0.2699147	0.2685724	0.2330132
90	0.000534478132546284	0.000287630802253823	0.000245774081030319	0.2310424	0.2681594	0.2674375	0.2333606
100	0.000595653340488328	0.000310169036758787	0.000296216796350952	0.2314254	0.2666975	0.2663598	0.2355172
110	0.000629997316876845	0.000311242286020928	0.000317681781593775	0.2321762	0.2663264	0.2639931	0.2375042
120	0.000627850818352562	0.000328414274215186	0.000317681781593775	0.2326152	0.2660864	0.2627291	0.2385692
130	0.000641803058760397	0.000300509793399517	0.000326267775690904	0.233722	0.2649355	0.2614847	0.2398577
140	0.000553796619264824	0.000244700831768178	0.000281191306680977	0.2344804	0.262553	0.2611718	0.2417951
150	0.00052159914140059	0.0002844110544674	0.000252213576603166	0.2353785	0.2627023	0.2597345	0.2421844
160	0.000565602361148377	0.0002844110544674	0.000279044808156694	0.2351181	0.2614737	0.2591332	0.2442746
170	0.000558089616313389	0.000261872819962436	0.000270458814059565	0.2364286	0.2598274	0.2585311	0.2452129
180	0.000560236114837671	0.000290850550040247	0.000289777300778106	0.2376671	0.260219	0.2570815	0.2450324
190	0.000553796619264824	0.00026509256774886	0.000282264555943118	0.2389227	0.2593612	0.2550885	0.2466278
200	0.000570968607459082	0.000301583042661658	0.000285484303729541	0.2403422	0.2575255	0.2544438	0.2476883
210	0.000530185135497719	0.00024684733029246	0.000290850550040247	0.2419493	0.2548643	0.2533896	0.2497968
220	0.000478669170914945	0.000250067078078884	0.000243627582506037	0.2438868	0.2529776	0.2514726	0.251663
230	0.00050228065468205	0.000251140327341025	0.000252213576603166	0.24271	0.2526821	0.2515891	0.2530188
240	0.000531258384759861	0.000243627582506037	0.000248993828816743	0.2445778	0.2511582	0.2497842	0.2544797
250	0.00050228065468205	0.000262946069224577	0.000232895089884626	0.2455147	0.250333	0.2494648	0.2546874
260	0.000510866648779179	0.000271532063321706	0.000276898309632412	0.2447586	0.2502038	0.2495196	0.2555178
270	0.000487255165012074	0.000228602092836061	0.000245774081030319	0.2462756	0.249208	0.2482399	0.2562766
280	0.000476522672390663	0.000280118057418836	0.00021786960021465	0.247173	0.2481196	0.2476774	0.2570299
290	0.000534478132546284	0.000256506573651731	0.000286557552991682	0.2459961	0.2485145	0.2463556	0.2591341
300	0.000534478132546284	0.000245774081030319	0.000240407834719614	0.2487575	0.2481176	0.245299	0.2578261
310	0.000477595921652804	0.000264019318486719	0.000231821840622485	0.2480228	0.2461135	0.2456777	0.2601862
320	0.000505500402468473	0.00023718808693319	0.00026509256774886	0.2487674	0.2459381	0.2452959	0.2599989
330	0.000459350684196405	0.000238261336195331	0.00022752884357392	0.2498752	0.2459649	0.2440201	0.2601398
340	0.000514086396565602	0.000281191306680977	0.000245774081030319	0.2508316	0.2453626	0.2425689	0.261237
350	0.000509793399517038	0.000247920579554602	0.000253286825865307	0.2514597	0.2439348	0.2428162	0.2617889
360	0.00058814059565334	0.00029407029782667	0.000280118057418836	0.2510724	0.2436296	0.2417007	0.2635974
370	0.000547357123691978	0.000253286825865307	0.00029407029782667	0.2525722	0.243295	0.2406251	0.2635079
380	0.000538771129594848	0.000254360075127448	0.000271532063321706	0.253239	0.2421031	0.2407896	0.2638684
390	0.000518379393614167	0.000281191306680977	0.000248993828816743	0.2543007	0.2413695	0.2405368	0.2637931
400	0.000534478132546284	0.000272605312583848	0.000280118057418836	0.2553572	0.2408153	0.2397859	0.2640415
410	0.000564529111886236	0.000302656291923799	0.000280118057418836	0.256776	0.2403775	0.2390523	0.2637943
420	0.000579554601556211	0.000256506573651731	0.000289777300778106	0.2565546	0.2399172	0.2391846	0.2643438
430	0.000532331634022002	0.00027475181110813	0.000255433324389589	0.2557025	0.2392869	0.2402819	0.264729
440	0.000528038636973437	0.000285484303729541	0.000281191306680977	0.2568941	0.2394418	0.2385316	0.2651322
450	0.000557016367051248	0.000258653072176013	0.000268312315535283	0.2564791	0.2383219	0.2385961	0.2666028
460	0.00051193989804132	0.000254360075127448	0.000264019318486719	0.2573537	0.2391018	0.2380369	0.2655076
470	0.0005688221089348	0.000262946069224577	0.000286557552991682	0.256648	0.2387618	0.2379076	0.2666826
480	0.000510866648779179	0.000266165817011001	0.000267239066273142	0.2582508	0.238494	0.2363704	0.2668848
490	0.000566675610410518	0.000207137107593239	0.000262946069224577	0.2589899	0.2383509	0.2360896	0.2665695
500	8.58599409712906e-05	0	0.000172793131204722	0.259489833333333	0.238057666666667	0.235757333333333	0.266695333333333
