Distance from Center (cmd=annotatePeaks.pl /home/ec2-user/atac_analysis_gorkin/heatmaps/new_figure/motif_density_plots/W281X-R1_peaks.narrowPeak hg38 -m AP-1_motif.txt -hist 10 -size 1000)	AP-1(bZIP)/ThioMac-PU.1-ChIP-Seq(GSE21512)/Homer total sites	AP-1(bZIP)/ThioMac-PU.1-ChIP-Seq(GSE21512)/Homer + sites	AP-1(bZIP)/ThioMac-PU.1-ChIP-Seq(GSE21512)/Homer - sites	A frequency	C frequency	G frequency	T frequency
-500	2.51313111005001e-05	0.000114347465507276	0	0.2663644	0.2389022	0.2373554	0.2573782
-490	0.000462416124249202	0.000242517152119826	0.000140735342162801	0.2649422	0.238756	0.2380216	0.2582801
-480	0.000561684803096178	0.000311628257646201	0.000232464627679626	0.2648049	0.2383479	0.2390685	0.257779
-470	0.000584302983086628	0.000265135332110276	0.000330476740971576	0.2648	0.2393001	0.2394259	0.2564738
-460	0.000527757533110502	0.000255082807670076	0.000270161594330376	0.2638353	0.2401323	0.2403413	0.255691
-450	0.000542836319770802	0.000285240380990676	0.000252569676560026	0.2646241	0.238185	0.2406537	0.2565372
-440	0.000508909049785127	0.000237490889899726	0.000273931290995451	0.263843	0.2393174	0.2408276	0.2560123
-430	0.000466185820914277	0.000231208062124601	0.000229951496569576	0.2628366	0.2397305	0.241572	0.2558608
-420	0.000512678746450202	0.000267648463220326	0.000236234324344701	0.2634312	0.2402457	0.2418353	0.254488
-410	0.000517705008670302	0.000263878766555251	0.000283983815435651	0.261858	0.2419461	0.2423656	0.2538304
-400	0.000570480761981353	0.000272674725440426	0.000275187856550476	0.2621717	0.2415355	0.242649	0.253644
-390	0.000560428237541153	0.000289010077655751	0.000271418159885401	0.2614225	0.2413813	0.2449825	0.2522138
-380	0.000591842376416778	0.000309115126536151	0.000310371692091176	0.2609239	0.2424306	0.243627	0.2530185
-370	0.000561684803096178	0.000234977758789676	0.000287753512100726	0.2611127	0.2439103	0.2440579	0.2509189
-360	0.000446080772033877	0.000294036339875851	0.000229951496569576	0.258814	0.2440265	0.2451889	0.2519705
-350	0.000619486818627328	0.000266391897665301	0.000266391897665301	0.2592724	0.2449283	0.2453867	0.2504124
-340	0.000555401975321053	0.000286496946545701	0.000301575733206001	0.2588141	0.2451826	0.2455002	0.2505032
-330	0.000511422180895177	0.000262622201000226	0.000267648463220326	0.2576615	0.2452469	0.2469046	0.2501872
-320	0.000571737327536378	0.000302832298761026	0.000257595938780126	0.2580998	0.2465493	0.2469589	0.2483921
-310	0.000596868638636878	0.000283983815435651	0.000309115126536151	0.2585193	0.2457809	0.2477435	0.2479563
-300	0.000513935312005227	0.000250056545449976	0.000265135332110276	0.2582786	0.2462812	0.2485685	0.2468716
-290	0.000493830263124827	0.000250056545449976	0.000238747455454751	0.2570531	0.247149	0.2493985	0.2463996
-280	0.000506395918675077	0.000246286848784901	0.000265135332110276	0.2547142	0.2467445	0.2513422	0.2471993
-270	0.000477494910909502	0.000256339373225101	0.000228694931014551	0.2554169	0.2482537	0.2501026	0.2462268
-260	0.000500113090899952	0.000248799979894951	0.000246286848784901	0.2540906	0.2497727	0.25073	0.2454068
-250	0.000505139353120052	0.000260109069890176	0.000241260586564801	0.2533926	0.2503937	0.2512122	0.2450013
-240	0.000647131260837878	0.000319167650976351	0.000300319167650976	0.2524456	0.2514492	0.251215	0.2448905
-230	0.000562941368651203	0.000275187856550476	0.000296549470985901	0.2524077	0.250842	0.2534318	0.2433186
-220	0.000522731270890402	0.000266391897665301	0.000266391897665301	0.2497916	0.2536258	0.2535263	0.2430565
-210	0.000527757533110502	0.000263878766555251	0.000282727249880626	0.2487284	0.2541776	0.2565291	0.2405651
-200	0.000564197934206228	0.000280214118770576	0.000267648463220326	0.2467805	0.2551228	0.2571897	0.2409072
-190	0.000571737327536378	0.000281470684325601	0.000270161594330376	0.246267	0.2564365	0.25853	0.238766
-180	0.000523987836445427	0.000270161594330376	0.000280214118770576	0.2435735	0.2584601	0.2602753	0.2376914
-170	0.000585559548641653	0.000331733306526601	0.000277700987660526	0.2430087	0.2601376	0.2603378	0.2365159
-160	0.000637078736397678	0.000301575733206001	0.000289010077655751	0.2434572	0.2594699	0.2623278	0.2347448
-150	0.000618230253072303	0.000315397954311276	0.000324193913196451	0.2423637	0.2597168	0.2635309	0.2343883
-140	0.000611947425297178	0.000317911085421326	0.000287753512100726	0.2393134	0.2619096	0.2647375	0.2340396
-130	0.000623256515292403	0.000302832298761026	0.000311628257646201	0.2397289	0.2630874	0.2640723	0.2331114
-120	0.000593098941971803	0.000286496946545701	0.000295292905430876	0.2383586	0.2631731	0.2665827	0.2318856
-110	0.000610690859742153	0.000297806036540926	0.000304088864316051	0.2363998	0.2645359	0.268157	0.230907
-100	0.000623256515292403	0.000317911085421326	0.000306601995426101	0.2356078	0.2666507	0.2675108	0.2302307
-90	0.000663466613053203	0.000336759568746702	0.000349325224296952	0.2342926	0.2672881	0.2693816	0.2290379
-80	0.000629539343067528	0.000305345429871076	0.000327963609861526	0.2328216	0.2690816	0.2697355	0.2283615
-70	0.000610690859742153	0.000304088864316051	0.000319167650976351	0.2307194	0.2696219	0.2716234	0.2280351
-60	0.000723781759694403	0.000378226232062527	0.000316654519866301	0.2290239	0.2716764	0.2726412	0.2266584
-50	0.000682315096378578	0.000319167650976351	0.000379482797617552	0.2274759	0.2727597	0.2743441	0.2254204
-40	0.000660953481943153	0.000331733306526601	0.000297806036540926	0.2262102	0.2733704	0.2746791	0.2257403
-30	0.000659696916388128	0.000355608052072077	0.000338016134301727	0.2253763	0.2739109	0.2743642	0.2263486
-20	0.000746399939684853	0.000395818149832877	0.000349325224296952	0.2239493	0.2747232	0.2751779	0.2261497
-10	0.000713729235254203	0.000344298962076852	0.000370686838732377	0.2228749	0.2773861	0.2758832	0.2238561
0	0.000726294890804453	0.000368173707622327	0.000356864617627102	0.2226707	0.2771001	0.2774665	0.2227626
10	0.000756452464125053	0.000370686838732377	0.000351838355407002	0.2237541	0.2755871	0.277338	0.2233206
20	0.000726294890804453	0.000345555527631877	0.000390791887612777	0.224802	0.2759322	0.2745898	0.2246759
30	0.000686084793043653	0.000346812093186902	0.000320424216531376	0.2246608	0.2752119	0.2735103	0.226617
40	0.000654670654168028	0.000330476740971576	0.000368173707622327	0.2254834	0.2739335	0.2736324	0.2269508
50	0.000657183785278078	0.000344298962076852	0.000309115126536151	0.2258764	0.2725757	0.2740822	0.2274659
60	0.000673519137493403	0.000329220175416551	0.000354351486517052	0.226928	0.2731411	0.2714156	0.2285152
70	0.000642104998617778	0.000317911085421326	0.000326707044306501	0.2280818	0.2710088	0.2702027	0.2307068
80	0.000624513080847428	0.000339272699856752	0.000301575733206001	0.2285908	0.2683335	0.2697781	0.2332976
90	0.000708702973034103	0.000305345429871076	0.000335503003191676	0.2291927	0.2690022	0.2687253	0.2330798
100	0.000565454499761253	0.000285240380990676	0.000316654519866301	0.2308353	0.2662475	0.268346	0.2345712
110	0.000603151466412003	0.000302832298761026	0.000309115126536151	0.2301009	0.2665373	0.2658207	0.237541
120	0.000567967630871303	0.000309115126536151	0.000282727249880626	0.2331491	0.2654957	0.2637049	0.2376507
130	0.000603151466412003	0.000296549470985901	0.000305345429871076	0.2325556	0.2642526	0.2640611	0.2391308
140	0.000615717121962253	0.000301575733206001	0.000287753512100726	0.2335571	0.263139	0.2622309	0.2410729
150	0.000532783795330602	0.000296549470985901	0.000281470684325601	0.2348745	0.2609991	0.2623884	0.2417378
160	0.000635822170842653	0.000290266643210776	0.000277700987660526	0.2355511	0.2621578	0.2595116	0.2427795
170	0.000560428237541153	0.000283983815435651	0.000290266643210776	0.2356545	0.260334	0.259718	0.2442936
180	0.000541579754215777	0.000277700987660526	0.000272674725440426	0.2364856	0.2594297	0.2590102	0.2450744
190	0.000569224196426328	0.000300319167650976	0.000285240380990676	0.2379706	0.2586928	0.2572482	0.2460886
200	0.000603151466412003	0.000292779774320826	0.000287753512100726	0.2398573	0.2573955	0.2554684	0.2472788
210	0.000551632278655977	0.000289010077655751	0.000273931290995451	0.2400601	0.2553448	0.2546723	0.2499225
220	0.000531527229775577	0.000255082807670076	0.000294036339875851	0.2418702	0.2535815	0.2539683	0.2505801
230	0.000502626222010002	0.000277700987660526	0.000229951496569576	0.2429029	0.2523194	0.2529115	0.2518661
240	0.000567967630871303	0.000266391897665301	0.000268905028775351	0.2449472	0.2513143	0.2520752	0.2516631
250	0.000439797944258752	0.000222412103239426	0.000236234324344701	0.2438034	0.2510739	0.2511028	0.25402
260	0.000500113090899952	0.000248799979894951	0.000213616144354251	0.2445629	0.2499023	0.2501403	0.2553942
270	0.000467442386469302	0.000242517152119826	0.000255082807670076	0.2443576	0.2492941	0.2506595	0.255689
280	0.000554145409766027	0.000300319167650976	0.000228694931014551	0.2451385	0.2490194	0.2494125	0.2564295
290	0.000579276720866528	0.000275187856550476	0.000316654519866301	0.2466652	0.248508	0.2488821	0.2559448
300	0.000515191877560252	0.000258852504335151	0.000267648463220326	0.2469762	0.2483341	0.2479135	0.256776
310	0.000492573697569802	0.000237490889899726	0.000245030283229876	0.2466546	0.2481207	0.2471458	0.2580791
320	0.000546606016435877	0.000263878766555251	0.000256339373225101	0.2484457	0.2475412	0.2466242	0.2573889
330	0.000537810057550702	0.000295292905430876	0.000273931290995451	0.2485213	0.2468134	0.2456505	0.259015
340	0.000546606016435877	0.000258852504335151	0.000291523208765801	0.2488687	0.2465133	0.2455272	0.2590905
350	0.000510165615340152	0.000273931290995451	0.000258852504335151	0.2497619	0.2446893	0.2452651	0.2602832
360	0.000512678746450202	0.000236234324344701	0.000252569676560026	0.2501562	0.2447562	0.2435797	0.2615076
370	0.000487547435349702	0.000218642406574351	0.000248799979894951	0.2508426	0.2450988	0.2430369	0.2610215
380	0.000478751476464527	0.000260109069890176	0.000238747455454751	0.2520455	0.2439312	0.242164	0.2618592
390	0.000536553491995677	0.000258852504335151	0.000273931290995451	0.2516386	0.2430407	0.2422888	0.2630317
400	0.000503882787565027	0.000246286848784901	0.000262622201000226	0.2537524	0.2423429	0.2414789	0.2624259
410	0.000527757533110502	0.000257595938780126	0.000266391897665301	0.2549438	0.2421298	0.24069	0.2622357
420	0.000581789851976578	0.000290266643210776	0.000272674725440426	0.2555436	0.2403224	0.2411084	0.2630255
430	0.000520218139780352	0.000261365635445201	0.000261365635445201	0.2553395	0.2415519	0.2398802	0.2632283
440	0.000469955517579352	0.000246286848784901	0.000243773717674851	0.2551771	0.2401397	0.2402456	0.2644376
450	0.000595612073081853	0.000296549470985901	0.000277700987660526	0.2561318	0.2403111	0.2391233	0.2644337
460	0.000557915106431103	0.000276444422105501	0.000296549470985901	0.2562049	0.2390013	0.2403464	0.2644477
470	0.000555401975321053	0.000280214118770576	0.000289010077655751	0.2563812	0.2391094	0.2399433	0.2645661
480	0.000506395918675077	0.000243773717674851	0.000252569676560026	0.2575085	0.2388348	0.2380464	0.2656102
490	0.000540323188660752	0.000198537357693951	0.000245030283229876	0.2572667	0.2387026	0.2382378	0.2657928
500	7.66504988565253e-05	0	0.000170892915483401	0.2572615	0.238653166666667	0.238019	0.266066166666667
