Distance from Center (cmd=annotatePeaks.pl /home/ec2-user/atac_analysis_gorkin/heatmaps/new_figure/motif_density_plots/I315R-R2_peaks.narrowPeak hg38 -m AP-1_motif.txt -hist 10 -size 1000)	AP-1(bZIP)/ThioMac-PU.1-ChIP-Seq(GSE21512)/Homer total sites	AP-1(bZIP)/ThioMac-PU.1-ChIP-Seq(GSE21512)/Homer + sites	AP-1(bZIP)/ThioMac-PU.1-ChIP-Seq(GSE21512)/Homer - sites	A frequency	C frequency	G frequency	T frequency
-500	2.19734121712728e-05	9.38863974590745e-05	0	0.2677694	0.234142	0.2364352	0.2616534
-490	0.00046543682144605	0.000265678528979934	0.000135835638876959	0.2685105	0.2351894	0.236307	0.259993
-480	0.000504389688476943	0.00024070874242167	0.000254691822894298	0.268035	0.2356352	0.23628	0.26005
-470	0.000487410233617323	0.000254691822894298	0.000218735330250397	0.2672489	0.2352365	0.2375387	0.259976
-460	0.000514377603100249	0.000279661609452562	0.00025768819728129	0.2668652	0.2365975	0.2375557	0.2589816
-450	0.00061925070664496	0.000298638647236843	0.000288650732613538	0.2666589	0.2357603	0.2380614	0.2595193
-440	0.000558324427442794	0.000279661609452562	0.000287651941151207	0.2665279	0.2363421	0.2390618	0.2580684
-430	0.000501393314089951	0.000273668860678579	0.00025868698874362	0.2652849	0.2369197	0.2396514	0.2581441
-420	0.000557325635980464	0.000277664026527901	0.000267676111904595	0.2650772	0.2374041	0.2402109	0.2573078
-410	0.000559323218905125	0.000276665235065571	0.000280660400914893	0.2647717	0.2382342	0.2394108	0.2575831
-400	0.000555328053055802	0.000270672486291587	0.000303632604548496	0.264996	0.238914	0.2389951	0.2570945
-390	0.000589286962775042	0.000289649524075868	0.000266677320442265	0.2632536	0.2400508	0.2398004	0.2568954
-380	0.000492404190928976	0.000249697865582645	0.000246701491195653	0.2641449	0.2391445	0.2412152	0.2554952
-370	0.000515376394562579	0.000279661609452562	0.000242706325346331	0.2644073	0.239495	0.2414545	0.2546433
-360	0.000553330470131141	0.000291647107000529	0.000276665235065571	0.2625217	0.241014	0.2418851	0.2545791
-350	0.000621248289569621	0.000298638647236843	0.00031062414478481	0.262859	0.2401659	0.2426772	0.2542977
-340	0.000511381228713257	0.000247700282657984	0.000246701491195653	0.26117	0.2417479	0.2427172	0.2543648
-330	0.000502392105552282	0.000283656775301885	0.000259685780205951	0.2603439	0.2423939	0.2444426	0.2528197
-320	0.000617253123720298	0.00027566644360324	0.00029264589846286	0.260373	0.2433241	0.2445097	0.2517935
-310	0.000523366726261224	0.000263680946055273	0.000266677320442265	0.2606242	0.2444227	0.2444946	0.2504586
-300	0.000545340138432497	0.000307627770397819	0.000256689405818959	0.2593184	0.2444095	0.2460687	0.2502032
-290	0.000554329261593472	0.000271671277753918	0.00031062414478481	0.2588549	0.2446278	0.2462699	0.2502475
-280	0.000579299048151736	0.000264679737517604	0.000254691822894298	0.2577395	0.2460256	0.2468379	0.2493972
-270	0.000548336512819488	0.000304631396010827	0.000268674903366926	0.2586867	0.2452577	0.2472342	0.2488213
-260	0.000530358266497538	0.000280660400914893	0.000269673694829257	0.2563245	0.246996	0.248432	0.2482475
-250	0.000565315967679108	0.000280660400914893	0.000283656775301885	0.2547895	0.2475937	0.2489186	0.248698
-240	0.000577301465227075	0.000284655566764215	0.000281659192377224	0.2554054	0.2476892	0.2507803	0.2461251
-230	0.000571308716453092	0.000272670069216248	0.000291647107000529	0.2539662	0.2482918	0.2511214	0.2466205
-220	0.00065520719928886	0.000330599974031422	0.000305630187473157	0.2519045	0.2493483	0.2532594	0.245488
-210	0.000563318384754447	0.00027466765214091	0.000303632604548496	0.2504786	0.2517423	0.2530831	0.2446962
-200	0.000555328053055802	0.000300636230161505	0.000260684571668281	0.2489043	0.2541244	0.2550344	0.2419373
-190	0.000599274877398348	0.000286653149688876	0.000286653149688876	0.2483393	0.2536865	0.2570707	0.2409036
-180	0.000565315967679108	0.000297639855774513	0.00031062414478481	0.2461904	0.2555204	0.2578797	0.2404097
-170	0.00060227125178534	0.000319613267945786	0.00027466765214091	0.2448084	0.2568429	0.2581006	0.2402483
-160	0.000611260374946315	0.000285654358226546	0.000320612059408116	0.2438821	0.2571193	0.2592661	0.2397326
-150	0.000624244663956612	0.000315618102096463	0.000288650732613538	0.2441906	0.2569361	0.2613738	0.2374997
-140	0.000644220493203224	0.000323608433795108	0.000338590305730067	0.2427696	0.2587715	0.2607781	0.2376811
-130	0.000682174568771786	0.000337591514267736	0.000325606016719769	0.2414099	0.259952	0.263093	0.2355453
-120	0.000662198739525175	0.000333596348418414	0.000360563717901339	0.2402773	0.2604536	0.2633324	0.2359367
-110	0.000692162483395092	0.000314619310634133	0.000340587888654728	0.2388386	0.2620326	0.2645048	0.2346239
-100	0.000600273668860679	0.000324607225257438	0.00030962535332248	0.2381395	0.2624022	0.2654932	0.2339652
-90	0.00065420840782653	0.000317615685021124	0.000341586680117058	0.2376279	0.263122	0.2658946	0.2333555
-80	0.000650213241977208	0.000323608433795108	0.000318614476483455	0.2348706	0.2648404	0.2683077	0.2319817
-70	0.000678179402922464	0.000333596348418414	0.000334595139880744	0.2340502	0.2654359	0.2687183	0.2317953
-60	0.000707144355330051	0.000377543172760959	0.000338590305730067	0.2324342	0.267707	0.2695254	0.2303333
-50	0.000734111724812976	0.000352573386202695	0.000373548006911637	0.2317361	0.2686683	0.2696555	0.22994
-40	0.000742102056511621	0.000391526253233587	0.000340587888654728	0.231557	0.268463	0.2704456	0.2295345
-30	0.000738106890662299	0.000385533504459604	0.000372549215449306	0.2292799	0.2704086	0.2709602	0.2293512
-20	0.00080902108448777	0.000384534712997273	0.000406508125168546	0.2280495	0.2705127	0.2726164	0.2288215
-10	0.000697156440706745	0.000352573386202695	0.000369552841062315	0.2272815	0.2725813	0.2721649	0.2279724
0	0.000767071843069885	0.000381538338610282	0.000365557675212992	0.2276861	0.2713957	0.273036	0.2278824
10	0.000781054923542514	0.000400515376394563	0.000399516584932232	0.2279493	0.2718205	0.2721127	0.2281176
20	0.000769069425994547	0.00036156250936367	0.000393523836158248	0.2289425	0.2706788	0.2703865	0.2299919
30	0.000699154023631406	0.000355569760589686	0.000374546798373967	0.2297717	0.2707279	0.2701003	0.2294002
40	0.000713137104104034	0.000339589097192397	0.000354570969127356	0.229221	0.2702154	0.2706858	0.2298778
50	0.000722126227265009	0.000342585471579389	0.000333596348418414	0.2297767	0.2697876	0.2688393	0.231596
60	0.000708143146792381	0.00036156250936367	0.000373548006911637	0.2294483	0.268518	0.2689747	0.2330591
70	0.000739105682124629	0.000371550423986976	0.000374546798373967	0.2305558	0.267699	0.2667858	0.2349592
80	0.000695158857782084	0.00031062414478481	0.000331598765493753	0.2321999	0.2658504	0.2654259	0.2365235
90	0.000618251915182629	0.00036156250936367	0.000330599974031422	0.2326795	0.2653188	0.2635617	0.2384399
100	0.000690164900470431	0.00032760359964443	0.00034458305450405	0.2335065	0.2649915	0.26227	0.2392319
110	0.000679178194384794	0.000340587888654728	0.000345581845966381	0.2342555	0.2641364	0.2621218	0.2394864
120	0.000622247081031951	0.000311622936247141	0.000329601182569091	0.235412	0.263054	0.2605257	0.2410083
130	0.000678179402922464	0.000311622936247141	0.000334595139880744	0.2366166	0.261429	0.2606068	0.2413479
140	0.000588288171312712	0.000291647107000529	0.000308626561860149	0.2363141	0.2609534	0.2594542	0.2432783
150	0.000625243455418943	0.000312621727709472	0.000298638647236843	0.2367457	0.2612957	0.2582176	0.2437408
160	0.000626242246881274	0.000299637438699174	0.000306628978935488	0.2381055	0.2583549	0.2586281	0.2449114
170	0.000579299048151736	0.000320612059408116	0.000304631396010827	0.2398459	0.2578131	0.2566737	0.2456674
180	0.00065420840782653	0.000312621727709472	0.000320612059408116	0.240056	0.2574027	0.2550967	0.2474447
190	0.000604268834710001	0.000307627770397819	0.000291647107000529	0.2410272	0.255462	0.2546439	0.2488666
200	0.000599274877398348	0.000267676111904595	0.000296641064312182	0.2420518	0.2541403	0.2535727	0.2502352
210	0.000504389688476943	0.00029264589846286	0.000264679737517604	0.2432932	0.2526946	0.2512466	0.2527657
220	0.000561320801829786	0.000281659192377224	0.000283656775301885	0.2439627	0.2511289	0.2510088	0.2538997
230	0.00053335464088453	0.000265678528979934	0.00025768819728129	0.245742	0.2505403	0.2488889	0.2548289
240	0.000512380020175588	0.000284655566764215	0.000248699074120314	0.245773	0.2497551	0.2482582	0.2562136
250	0.000523366726261224	0.000249697865582645	0.000261683363130612	0.2473474	0.2490623	0.2470788	0.2565113
260	0.000507386062863935	0.000261683363130612	0.000226725661949042	0.247394	0.2482883	0.2462687	0.2580492
270	0.000497398148240629	0.000253693031431967	0.000263680946055273	0.2481039	0.2469535	0.2463077	0.2586346
280	0.000593282128624365	0.000289649524075868	0.000244703908270992	0.2500789	0.246369	0.244862	0.2586901
290	0.000555328053055802	0.000283656775301885	0.000303632604548496	0.2495367	0.2459961	0.244564	0.2599033
300	0.00058629058838805	0.000288650732613538	0.000293644689925191	0.2498824	0.2458429	0.2438292	0.2604454
310	0.000582295422538728	0.000284655566764215	0.000289649524075868	0.2501357	0.2455717	0.2432295	0.2610633
320	0.000555328053055802	0.000260684571668281	0.00029264589846286	0.2515155	0.245128	0.2431813	0.2601751
330	0.00053435343234686	0.000271671277753918	0.000272670069216248	0.2520512	0.2436731	0.2430903	0.2611853
340	0.000523366726261224	0.000282657983839554	0.000279661609452562	0.2520862	0.2436769	0.2415914	0.2626454
350	0.000527361892110546	0.000252694239969637	0.000236713576572347	0.2531658	0.242823	0.2416955	0.2623158
360	0.00051637518602491	0.000278662817990232	0.000246701491195653	0.2542282	0.2417175	0.2402365	0.2638179
370	0.000507386062863935	0.000232718410723025	0.000286653149688876	0.2545586	0.2415113	0.2399882	0.2639419
380	0.000498396939702959	0.000233717202185356	0.000249697865582645	0.2552886	0.2410847	0.2392714	0.2643558
390	0.000468433195833042	0.000225726870486711	0.000239709950959339	0.2557702	0.2406671	0.2389078	0.2646551
400	0.000484413859230331	0.000256689405818959	0.000229722036336033	0.2566624	0.2399501	0.2380567	0.2653309
410	0.000515376394562579	0.000250696657044976	0.000250696657044976	0.2576867	0.238352	0.2385063	0.2654551
420	0.000477422318994017	0.000248699074120314	0.000237712368034678	0.2576186	0.2381829	0.2380195	0.266179
430	0.000486411442154992	0.000244703908270992	0.000255690614356628	0.2583106	0.2374777	0.2377512	0.2664605
440	0.000506387271401604	0.000254691822894298	0.000256689405818959	0.2590786	0.2379384	0.2357696	0.2672135
450	0.000564317176216778	0.000289649524075868	0.000260684571668281	0.2584719	0.237487	0.2373166	0.2667247
460	0.000536351015271521	0.000266677320442265	0.00029264589846286	0.2594792	0.2372726	0.2357447	0.2675038
470	0.000573306299377753	0.000265678528979934	0.000272670069216248	0.2598045	0.2375678	0.2359519	0.2666756
480	0.000486411442154992	0.000268674903366926	0.000251695448507306	0.2603982	0.2371784	0.233989	0.268434
490	0.000514377603100249	0.000169794548596199	0.000266677320442265	0.2605143	0.2372606	0.2349574	0.2672677
500	7.89045255241158e-05	0	0.000141828387650942	0.260164333333333	0.234500166666667	0.236185666666667	0.269149666666667
