Distance from Center (cmd=annotatePeaks.pl /home/ec2-user/atac_analysis_gorkin/heatmaps/new_figure/motif_density_plots/I315X-R2_peaks.narrowPeak hg38 -m AP-1_motif.txt -hist 10 -size 1000)	AP-1(bZIP)/ThioMac-PU.1-ChIP-Seq(GSE21512)/Homer total sites	AP-1(bZIP)/ThioMac-PU.1-ChIP-Seq(GSE21512)/Homer + sites	AP-1(bZIP)/ThioMac-PU.1-ChIP-Seq(GSE21512)/Homer - sites	A frequency	C frequency	G frequency	T frequency
-500	3.15074042399964e-05	0.00013615699689427	0	0.2671908	0.2356722	0.2374998	0.2596372
-490	0.00054012692982851	0.00025993608497997	0.000169914930008552	0.2671694	0.2358504	0.2367191	0.260261
-480	0.000500742674528514	0.000234055002925688	0.000267812936039969	0.2664924	0.2358831	0.2384506	0.2591735
-470	0.000477112121348517	0.000243057118422829	0.00023518026736283	0.2667285	0.2374353	0.238127	0.2577092
-460	0.000528874285457082	0.000261061349417113	0.000267812936039969	0.2659329	0.2371399	0.2381045	0.2588228
-450	0.000537876400954224	0.000274564522662826	0.000276815051537111	0.2641676	0.2383141	0.2393464	0.2581719
-440	0.000511995318899942	0.00027231399378854	0.000237430796237116	0.2645443	0.2377469	0.2399623	0.2577465
-430	0.000562632218571364	0.000291443489219967	0.000265562407165684	0.2648867	0.237769	0.240121	0.2572236
-420	0.000579511185128505	0.000255435027231399	0.00030944772021425	0.264679	0.2383994	0.2411577	0.2557639
-410	0.000519872169959941	0.000276815051537111	0.000246432911734258	0.2639255	0.238536	0.2422689	0.2552698
-400	0.000513120583337084	0.000261061349417113	0.000267812936039969	0.2632826	0.2396719	0.2413574	0.2556883
-390	0.000571634334068506	0.000285817167034253	0.000275689787099969	0.2632397	0.2402237	0.2416541	0.2548829
-380	0.000568258540757078	0.000301570869154251	0.000273439258225683	0.2626778	0.2408451	0.2426715	0.2538055
-370	0.000549129045325652	0.000258810820542828	0.000266687671602827	0.262	0.2424573	0.2430053	0.2525375
-360	0.000522122698834226	0.000288067695908539	0.00027231399378854	0.2629564	0.2409107	0.2447968	0.2513361
-350	0.000586262771751362	0.000263311878291398	0.000286942431471396	0.2612711	0.2429434	0.2439461	0.2518393
-340	0.0005029932034028	0.000237430796237116	0.000257685556105685	0.2602536	0.2431667	0.2447956	0.2517841
-330	0.00051537111221137	0.000265562407165684	0.00025993608497997	0.2608053	0.2428012	0.2453507	0.2510428
-320	0.000496241616779943	0.000250933969482828	0.000254309762794257	0.25942	0.2442372	0.2462428	0.2500997
-310	0.000554755367511365	0.000282441373722825	0.000279065580411397	0.258981	0.2452864	0.2458674	0.2498653
-300	0.000511995318899942	0.000237430796237116	0.000273439258225683	0.2576487	0.2459294	0.2470846	0.2493371
-290	0.000508619525588513	0.000265562407165684	0.000245307647297115	0.2587632	0.2458865	0.2473405	0.2480094
-280	0.000499617410091372	0.000252059233919971	0.000271188729351398	0.2556059	0.2478494	0.2480987	0.2484462
-270	0.000517621641085655	0.000282441373722825	0.000220551829679975	0.2559225	0.2477564	0.2485706	0.2477508
-260	0.000511995318899942	0.000257685556105685	0.000266687671602827	0.2551316	0.2481757	0.2495376	0.247155
-250	0.000594139622811361	0.000266687671602827	0.000267812936039969	0.2548056	0.2490603	0.2498489	0.2462854
-240	0.000518746905522798	0.000286942431471396	0.000282441373722825	0.2545078	0.2503937	0.2502809	0.2448177
-230	0.000554755367511365	0.000279065580411397	0.000265562407165684	0.2520643	0.250695	0.2524874	0.2447535
-220	0.000524373227708512	0.000249808705045686	0.000280190844848539	0.2519514	0.2514586	0.2539133	0.2426767
-210	0.000511995318899942	0.000299320340279966	0.000231804474051402	0.2511867	0.2537587	0.2547763	0.2402782
-200	0.000612143853805644	0.000301570869154251	0.000279065580411397	0.2480034	0.2540801	0.2575354	0.240381
-190	0.000543502723139938	0.000280190844848539	0.000286942431471396	0.2464273	0.2561118	0.2576212	0.2398396
-180	0.000605392267182788	0.000293694018094252	0.000277940315974254	0.2456933	0.2566792	0.259708	0.2379197
-170	0.000585137507314219	0.000282441373722825	0.000312823513525679	0.2453309	0.2569488	0.2597385	0.2379817
-160	0.000590763829499933	0.000298195075842823	0.000295944546968538	0.2435241	0.258296	0.2609695	0.2372102
-150	0.00057726065625422	0.000258810820542828	0.000313948777962821	0.2428561	0.2582867	0.2629715	0.2358858
-140	0.000604267002745645	0.000317324571274249	0.000291443489219967	0.2411719	0.2608598	0.2632784	0.23469
-130	0.000588513300625647	0.000270063464914255	0.000313948777962821	0.2400019	0.2613968	0.2631012	0.2355001
-120	0.000553630103074222	0.000295944546968538	0.000265562407165684	0.2375327	0.2637183	0.2647132	0.2340359
-110	0.000566008011882792	0.000282441373722825	0.000268938200477112	0.2375789	0.2637748	0.2652525	0.2333939
-100	0.000541252194265652	0.00027231399378854	0.000270063464914255	0.2370973	0.2650776	0.2660659	0.2317593
-90	0.000554755367511365	0.000303821398028537	0.000300445604717109	0.2347261	0.2665814	0.2674307	0.2312617
-80	0.00061439438267993	0.000285817167034253	0.000295944546968538	0.2340458	0.2664696	0.2695843	0.2299004
-70	0.000545753252014223	0.000273439258225683	0.000273439258225683	0.2326876	0.2679475	0.2705556	0.2288093
-60	0.000607642796057073	0.000308322455777108	0.000286942431471396	0.2314704	0.269864	0.2697273	0.2289381
-50	0.00060201647387136	0.000301570869154251	0.000294819282531395	0.2301036	0.2697365	0.2716678	0.2284925
-40	0.000549129045325652	0.000311698249088536	0.000290318224782824	0.2284485	0.2707394	0.2727485	0.2280637
-30	0.000604267002745645	0.000299320340279966	0.000293694018094252	0.2272559	0.2712481	0.2736995	0.2277964
-20	0.000611018589368502	0.000308322455777108	0.000290318224782824	0.2270442	0.2728546	0.2727733	0.2273282
-10	0.000596390151685646	0.000274564522662826	0.000301570869154251	0.2255188	0.2735528	0.27382	0.2271082
0	0.000624521762614214	0.000298195075842823	0.00029706981140568	0.2254805	0.2737547	0.2750632	0.2257015
10	0.000591889093937075	0.000311698249088536	0.000315074042399964	0.2269493	0.2734084	0.2736238	0.2260185
20	0.000613269118242787	0.000283566638159968	0.000311698249088536	0.2266707	0.271239	0.2733013	0.228789
30	0.000613269118242787	0.000316199306837107	0.000275689787099969	0.2270633	0.2732097	0.2715627	0.2281643
40	0.000590763829499933	0.000315074042399964	0.000322950893459963	0.2270892	0.2722522	0.2723368	0.2283221
50	0.000680784984471351	0.000340955124454247	0.000336454066705676	0.2282353	0.2726277	0.2699247	0.2292122
60	0.000697663951028492	0.00033420353783139	0.000357834091011388	0.2286729	0.2701303	0.2696993	0.2314977
70	0.00063915020029707	0.000292568753657109	0.000316199306837107	0.2287452	0.2690629	0.2684516	0.2337402
80	0.000480487914659945	0.00025993608497997	0.000263311878291398	0.2290733	0.2688115	0.2675482	0.234567
90	0.000611018589368502	0.000327451951208534	0.000264437142728541	0.2306934	0.2674917	0.2668046	0.2350103
100	0.000680784984471351	0.00035895935544853	0.000322950893459963	0.2320761	0.267522	0.2640048	0.2363968
110	0.000613269118242787	0.00028469190259711	0.000344330917765675	0.2313781	0.2651577	0.2641649	0.2392992
120	0.000624521762614214	0.000320700364585678	0.000283566638159968	0.2336771	0.2648587	0.2624898	0.2389744
130	0.000576135391817077	0.000273439258225683	0.000313948777962821	0.2342793	0.2637285	0.2626025	0.2393894
140	0.000523247963271369	0.000252059233919971	0.000273439258225683	0.2344734	0.2624267	0.2616867	0.241413
150	0.000531124814331368	0.000276815051537111	0.000276815051537111	0.2355841	0.2626386	0.2598148	0.2419622
160	0.000582886978439933	0.000283566638159968	0.000262186613854256	0.2370796	0.2616919	0.2592179	0.2420104
170	0.000582886978439933	0.000273439258225683	0.000295944546968538	0.2366375	0.2593127	0.2593919	0.2446581
180	0.000487239501282801	0.000234055002925688	0.000256560291668542	0.2380891	0.2591943	0.2579838	0.2447325
190	0.000460233154791376	0.000258810820542828	0.000250933969482828	0.2389973	0.2583347	0.2558801	0.2467878
200	0.000532250078768511	0.000255435027231399	0.000257685556105685	0.2396934	0.2566437	0.2545738	0.249089
210	0.000523247963271369	0.000273439258225683	0.000258810820542828	0.2422552	0.2539399	0.2534718	0.2503334
220	0.000580636449565648	0.000298195075842823	0.000248683440608543	0.2427709	0.2531842	0.2520292	0.2520156
230	0.000517621641085655	0.000280190844848539	0.000276815051537111	0.2441002	0.2524334	0.2507683	0.2526985
240	0.000526623756582797	0.000231804474051402	0.000277940315974254	0.2449654	0.2516774	0.2503373	0.2530199
250	0.000499617410091372	0.000248683440608543	0.00023518026736283	0.24566	0.2502585	0.2486339	0.2554476
260	0.000480487914659945	0.000254309762794257	0.000257685556105685	0.2470997	0.2497495	0.248089	0.2550616
270	0.000516496376648512	0.000273439258225683	0.00023518026736283	0.2472598	0.2489204	0.2474798	0.2563398
280	0.000482738443534231	0.000236305531799973	0.000258810820542828	0.2471605	0.2478869	0.247419	0.2575337
290	0.000550254309762794	0.000282441373722825	0.000231804474051402	0.2486056	0.2469788	0.2464318	0.2579837
300	0.000567133276319935	0.000258810820542828	0.000289192960345681	0.2490514	0.246883	0.2458576	0.2582083
310	0.0005029932034028	0.000298195075842823	0.000241931853985687	0.2489182	0.246584	0.245493	0.2590044
320	0.000638024935859927	0.000294819282531395	0.000310572984651393	0.2500677	0.2464239	0.2439995	0.2595089
330	0.000539001665391367	0.000277940315974254	0.000286942431471396	0.2505708	0.2457923	0.2437233	0.2599139
340	0.000553630103074222	0.00025993608497997	0.000290318224782824	0.2504649	0.2445806	0.2440525	0.2609021
350	0.000568258540757078	0.000275689787099969	0.000279065580411397	0.2517779	0.2436645	0.2433261	0.2612315
360	0.000518746905522798	0.000270063464914255	0.000266687671602827	0.252386	0.2436644	0.242234	0.2617154
370	0.000536751136517082	0.000236305531799973	0.000279065580411397	0.2529658	0.2423955	0.2417152	0.2629236
380	0.000469235270288518	0.000237430796237116	0.000252059233919971	0.2533538	0.2428871	0.2404212	0.2633377
390	0.0005029932034028	0.000243057118422829	0.000250933969482828	0.2544763	0.2421709	0.2398753	0.2634774
400	0.000523247963271369	0.000258810820542828	0.000254309762794257	0.254554	0.2415415	0.2392073	0.264697
410	0.000488364765719944	0.000255435027231399	0.000261061349417113	0.2566942	0.2404393	0.2386106	0.2642559
420	0.000549129045325652	0.000258810820542828	0.000249808705045686	0.2561074	0.2397759	0.2392356	0.264881
430	0.000497366881217086	0.000271188729351398	0.000267812936039969	0.2563185	0.2406378	0.2379204	0.2651234
440	0.000539001665391367	0.000266687671602827	0.000256560291668542	0.2564753	0.2396123	0.2378491	0.2660631
450	0.000560381689697079	0.00027231399378854	0.000264437142728541	0.2570439	0.2388318	0.2375164	0.266608
460	0.000493991087905658	0.000245307647297115	0.00027231399378854	0.2567213	0.2388283	0.2373878	0.2670626
470	0.000493991087905658	0.00025993608497997	0.000246432911734258	0.2586437	0.2377204	0.2375671	0.2660687
480	0.000492865823468515	0.000220551829679975	0.000265562407165684	0.2584404	0.2384269	0.2368622	0.2662707
490	0.000501867938965657	0.00017329072331998	0.00023518026736283	0.2591061	0.237108	0.236589	0.2671969
500	5.96390151685646e-05	0	0.000147409641265697	0.25973	0.238187	0.235342166666667	0.266740833333333
