Distance from Center (cmd=annotatePeaks.pl /home/ec2-user/atac_analysis_gorkin/heatmaps/new_figure/motif_density_plots/I315I-R2_peaks.narrowPeak hg38 -m AP-1_motif.txt -hist 10 -size 1000)	AP-1(bZIP)/ThioMac-PU.1-ChIP-Seq(GSE21512)/Homer total sites	AP-1(bZIP)/ThioMac-PU.1-ChIP-Seq(GSE21512)/Homer + sites	AP-1(bZIP)/ThioMac-PU.1-ChIP-Seq(GSE21512)/Homer - sites	A frequency	C frequency	G frequency	T frequency
-500	2.15146299483649e-05	0.000135811101549053	0	0.273187	0.2280776	0.230051	0.2686844
-490	0.000540555077452668	0.000260192555938038	0.000151947074010327	0.2725958	0.2290904	0.2294205	0.2688931
-480	0.000523746772805508	0.000267588209982788	0.000279017857142857	0.2730443	0.2293203	0.2304429	0.2671927
-470	0.000615183950086058	0.000311289802065404	0.000275656196213425	0.2728982	0.2293082	0.2293297	0.2684642
-460	0.000572154690189329	0.000279017857142857	0.000305911144578313	0.2728489	0.2291377	0.2301203	0.267893
-450	0.000556018717728055	0.00028036252151463	0.000271622203098107	0.2722955	0.2300179	0.2299412	0.2677455
-440	0.000533831755593804	0.000278345524956971	0.000278345524956971	0.2720798	0.2301599	0.2305123	0.2672479
-430	0.000512317125645439	0.000268932874354561	0.000254813898450947	0.2720813	0.2304772	0.2308476	0.2665938
-420	0.000574844018932874	0.000288430507745267	0.000273639199655766	0.2716489	0.2307182	0.2310625	0.2665705
-410	0.000564086703958692	0.000267588209982788	0.000279690189328744	0.2720516	0.2308779	0.2306436	0.2664268
-400	0.000571482358003442	0.000303894148020654	0.00027094987091222	0.2714575	0.2313338	0.2314214	0.265787
-390	0.00059434165232358	0.000322047117039587	0.000299860154905336	0.2714987	0.2319392	0.2313023	0.2652599
-380	0.00060173730636833	0.000267588209982788	0.000294481497418244	0.2707746	0.2321358	0.2323151	0.2647743
-370	0.000549967728055077	0.000283724182444062	0.000272294535283993	0.270083	0.2321723	0.2332391	0.2645056
-360	0.000571482358003442	0.00028977517211704	0.00028036252151463	0.26937	0.2326801	0.2336101	0.2643399
-350	0.00056072504302926	0.000269605206540448	0.000295826161790017	0.2705449	0.2329043	0.2338555	0.2626953
-340	0.000533831755593804	0.000274311531841652	0.000281034853700516	0.2686924	0.2338714	0.2341867	0.2632496
-330	0.000564086703958692	0.000307255808950086	0.000258847891566265	0.2682761	0.2345302	0.2345093	0.2626846
-320	0.000587618330464716	0.000279690189328744	0.000293809165232358	0.2686891	0.2334766	0.2349374	0.2628965
-310	0.000546606067125645	0.000271622203098107	0.000268932874354561	0.2672213	0.2354303	0.2350139	0.2623346
-300	0.000590979991394148	0.000299187822719449	0.000295826161790017	0.2681103	0.2346372	0.2356366	0.2616158
-290	0.000617200946643718	0.000321374784853701	0.000297843158347676	0.267209	0.2355697	0.235612	0.2616092
-280	0.000607788296041308	0.000291119836488812	0.000305911144578313	0.2670083	0.2355522	0.236992	0.2604475
-270	0.000584256669535284	0.000299187822719449	0.000285741179001721	0.265837	0.2367333	0.2371348	0.2602951
-260	0.000656196213425129	0.000346923407917384	0.000307255808950086	0.2663957	0.2371669	0.2376422	0.258795
-250	0.000622579604130809	0.000309272805507745	0.00032339178141136	0.265512	0.2373412	0.2378336	0.2593132
-240	0.00065417921686747	0.000342889414802065	0.00030456648020654	0.2639015	0.238125	0.2381505	0.2598228
-230	0.000650817555938038	0.000339527753872633	0.000341544750430293	0.2634315	0.2390555	0.2398039	0.2577093
-220	0.000702587134251291	0.000326753442340792	0.000333476764199656	0.2633191	0.2395087	0.2407815	0.2563905
-210	0.000707965791738382	0.000361042383820998	0.000361042383820998	0.2612779	0.2398743	0.2423601	0.2564874
-200	0.000682417168674699	0.000346251075731497	0.000332804432013769	0.2601237	0.2407056	0.2436722	0.2554985
-190	0.000755701376936317	0.000385918674698795	0.000365076376936317	0.258039	0.2423464	0.2452478	0.2543666
-180	0.000785283993115318	0.000388608003442341	0.000387935671256454	0.2580543	0.2433136	0.2454656	0.2531665
-170	0.000737548407917384	0.000403399311531842	0.000363059380378657	0.2561756	0.2441446	0.2468013	0.2528783
-160	0.000864619191049914	0.000444411574870912	0.000410794965576592	0.2556941	0.2454364	0.2467038	0.2521654
-150	0.00089151247848537	0.000436343588640275	0.000451134896729776	0.2551246	0.2462088	0.2477472	0.2509196
-140	0.000854534208261618	0.000452479561101549	0.000442394578313253	0.2543823	0.2472904	0.2484211	0.249906
-130	0.000993706970740103	0.000510972461273666	0.000467943201376936	0.2532274	0.2480439	0.2493303	0.2493982
-120	0.00103270223752151	0.000515678786574871	0.000497525817555938	0.2523243	0.2482918	0.2509815	0.2484022
-110	0.0010730421686747	0.000540555077452668	0.000545261402753873	0.2504658	0.2501566	0.2504817	0.2488959
-100	0.00108917814113597	0.00052710843373494	0.000533831755593804	0.249609	0.2509823	0.251531	0.2478777
-90	0.00110598644578313	0.000599047977624785	0.000530470094664372	0.2492146	0.2517876	0.2524408	0.2465569
-80	0.00128818846815835	0.000662919535283993	0.000624596600688468	0.2485255	0.2529432	0.2537878	0.2447435
-70	0.00131306475903614	0.000668298192771084	0.000657540877796902	0.2463873	0.2545473	0.2543124	0.244753
-60	0.00148921579173838	0.000757046041308089	0.000705948795180723	0.2450573	0.2546223	0.2553952	0.2449253
-50	0.00156586166092943	0.000806798623063683	0.000769820352839931	0.244077	0.2557116	0.2555822	0.2446291
-40	0.00170974074870912	0.000867980851979346	0.000843776893287435	0.2438209	0.2559992	0.2564882	0.2436917
-30	0.00179848859724613	0.000929835413080895	0.000857223537005163	0.2425979	0.2555347	0.2570802	0.2447875
-20	0.00186168782271945	0.000908993115318417	0.000940592728055077	0.2429798	0.2563495	0.2570173	0.2436531
-10	0.00185832616179002	0.000920422762478485	0.000929835413080895	0.2426104	0.2578173	0.2581189	0.2414534
0	0.00185496450086059	0.000942609724612737	0.000915044104991394	0.2418625	0.2574122	0.2582162	0.242509
10	0.0018247095524957	0.000928490748709122	0.000950677710843373	0.2420518	0.2576175	0.2580095	0.2423212
20	0.0018589984939759	0.000930507745266781	0.000907648450946644	0.2426087	0.2564241	0.2575515	0.2434156
30	0.00173865103270224	0.000818228270223752	0.000885461488812392	0.2426081	0.2571757	0.2563643	0.243852
40	0.00159141028399312	0.000744271729776248	0.000826296256454389	0.2435173	0.2566963	0.2556478	0.2441388
50	0.00145022052495697	0.000726118760757315	0.000741582401032702	0.2445954	0.2557192	0.2555333	0.2441523
60	0.00137021299483649	0.000687123493975904	0.000714689113597246	0.2445745	0.2552469	0.2545036	0.2456749
70	0.00129692878657487	0.000613166953528399	0.000670315189328744	0.2447321	0.2533393	0.2555831	0.2463455
80	0.00122162758175559	0.000617873278829604	0.000603081970740103	0.2455416	0.2532307	0.2535736	0.247654
90	0.00119540662650602	0.000582239672977625	0.000628630593803787	0.2460183	0.2530179	0.2517289	0.2492347
100	0.00107842082616179	0.000525091437177281	0.000561397375215146	0.246968	0.2519709	0.2506359	0.2504251
110	0.000999085628227194	0.000476011187607573	0.000529797762478485	0.2475442	0.2501766	0.2510132	0.2512657
120	0.00095874569707401	0.000459875215146299	0.00047668351979346	0.2491647	0.2491465	0.2497976	0.2518915
130	0.000897563468158348	0.000428947934595525	0.00046727086919105	0.2495345	0.2489606	0.248081	0.2534241
140	0.000913699440619621	0.000452479561101549	0.000417518287435456	0.2495255	0.2481504	0.2472628	0.2550613
150	0.000890167814113597	0.000449117900172117	0.000463909208261618	0.2498975	0.2474004	0.2473593	0.2553429
160	0.000854534208261618	0.000401382314974182	0.000451807228915663	0.2516232	0.2465668	0.2459317	0.2558783
170	0.000812177280550775	0.000423569277108434	0.000385918674698795	0.2521706	0.2458596	0.2450954	0.2568745
180	0.000802764629948365	0.000389952667814114	0.000415501290877797	0.2526527	0.2447999	0.2451796	0.2573679
190	0.000736203743545611	0.000354991394148021	0.000390625	0.2540923	0.2437962	0.2437046	0.2584064
200	0.000646111230636833	0.000308600473321859	0.000339527753872633	0.2542163	0.2436361	0.2418078	0.2603399
210	0.000679055507745267	0.000351629733218589	0.000335493760757315	0.2558676	0.2407975	0.2411861	0.2621488
220	0.000676366179001721	0.00034759574010327	0.000336838425129088	0.2567547	0.2396426	0.2400479	0.263555
230	0.000635353915662651	0.000296498493975904	0.00033078743545611	0.2582207	0.2394722	0.2389375	0.2633697
240	0.000595686316695353	0.000318013123924268	0.000286413511187608	0.258038	0.2380632	0.2387723	0.2651261
250	0.000673676850258176	0.000352302065404475	0.000315323795180723	0.2589908	0.2375762	0.2372071	0.2662257
260	0.0006279582616179	0.000281034853700516	0.000344234079173838	0.2590103	0.2378845	0.2367207	0.2663845
270	0.000580895008605852	0.000298515490533563	0.000289102839931153	0.2597255	0.2372312	0.2368488	0.2661945
280	0.000582239672977625	0.000284396514629948	0.000295153829604131	0.2603572	0.2356884	0.2363161	0.2676385
290	0.000593669320137694	0.000303894148020654	0.000289102839931153	0.2603741	0.2360247	0.236294	0.2673071
300	0.000603081970740103	0.000290447504302926	0.00031397913080895	0.2608921	0.2355373	0.2357988	0.2677719
310	0.000544589070567986	0.000268932874354561	0.000279017857142857	0.2612632	0.2345837	0.2352316	0.2689217
320	0.000565431368330465	0.000271622203098107	0.000262209552495697	0.2615696	0.2350044	0.234934	0.2684921
330	0.000550640060240964	0.00028036252151463	0.000293136833046472	0.2621407	0.2349225	0.2340442	0.2688926
340	0.000562742039586919	0.000296498493975904	0.000300532487091222	0.2635324	0.233851	0.2333196	0.2692967
350	0.000565431368330465	0.000273639199655766	0.000283724182444062	0.26296	0.2335718	0.2331856	0.2702825
360	0.000582912005163511	0.000322047117039587	0.000268932874354561	0.2628684	0.2332343	0.2335387	0.2703585
370	0.000592996987951807	0.000278345524956971	0.000296498493975904	0.2641358	0.2327473	0.2325143	0.2706023
380	0.000564086703958692	0.000279017857142857	0.000276328528399312	0.2642766	0.231934	0.2326121	0.2711776
390	0.000545933734939759	0.000249435240963855	0.000278345524956971	0.2649081	0.2321027	0.231775	0.2712143
400	0.000499542814113597	0.000253469234079174	0.000248762908777969	0.2654897	0.2313079	0.2319384	0.2712641
410	0.000539882745266781	0.000276328528399312	0.000268260542168675	0.2658095	0.2306149	0.2313202	0.2722551
420	0.000525763769363167	0.000260192555938038	0.000270277538726334	0.2661571	0.2305787	0.2307364	0.272528
430	0.00055131239242685	0.000270277538726334	0.000282379518072289	0.2670239	0.2301005	0.2304568	0.2724189
440	0.000570810025817556	0.000279017857142857	0.000285068846815835	0.266265	0.2304352	0.2301315	0.2731684
450	0.000537865748709122	0.00027094987091222	0.000278345524956971	0.2677613	0.2303559	0.2293104	0.2725723
460	0.000587618330464716	0.000295153829604131	0.000279017857142857	0.2680426	0.2298506	0.2299463	0.2721603
470	0.000547278399311532	0.000253469234079174	0.00030456648020654	0.2674836	0.2294056	0.2297835	0.2733272
480	0.00056072504302926	0.000284396514629948	0.000268932874354561	0.2683268	0.2297962	0.2286081	0.2732687
490	0.000593669320137694	0.000205733648881239	0.000297843158347676	0.2679519	0.2295671	0.2289496	0.2735314
500	8.47138554216867e-05	0	0.000181529690189329	0.267902	0.2291145	0.229797166666667	0.2731865
