Distance from Center (cmd=annotatePeaks.pl /home/ec2-user/atac_analysis_gorkin/heatmaps/new_figure/motif_density_plots/WT281-R1_peaks.narrowPeak hg38 -m AP-1_motif.txt -hist 10 -size 1000)	AP-1(bZIP)/ThioMac-PU.1-ChIP-Seq(GSE21512)/Homer total sites	AP-1(bZIP)/ThioMac-PU.1-ChIP-Seq(GSE21512)/Homer + sites	AP-1(bZIP)/ThioMac-PU.1-ChIP-Seq(GSE21512)/Homer - sites	A frequency	C frequency	G frequency	T frequency
-500	3.14484863482636e-05	0.000158789078610905	0	0.2758202	0.2267274	0.2269194	0.2705332
-490	0.00059236575105172	0.000280458632351728	0.000180957683741648	0.2756616	0.226685	0.226607	0.2710465
-480	0.000598552338530067	0.000294894003134538	0.000286645219830075	0.2751922	0.2266084	0.2269994	0.2712
-470	0.000570197145920977	0.000282005279221315	0.00028922296461272	0.2747551	0.2273529	0.2264966	0.2713953
-460	0.000536686463746597	0.000264992163655861	0.00027478759382991	0.2749568	0.226924	0.2272874	0.2708316
-450	0.000516064505485441	0.000286129670873546	0.000269632104264621	0.2755831	0.227193	0.2268559	0.2703681
-440	0.000580508125051555	0.00029386290522148	0.000284067475047431	0.2748293	0.2269976	0.2271573	0.2710156
-430	0.000587210261486431	0.000276334240699497	0.000292316258351893	0.2751505	0.2276698	0.2267371	0.2704426
-420	0.00059700569166048	0.000302627237482471	0.000287160768786604	0.2749608	0.2271011	0.2274985	0.2704394
-410	0.000590819104182133	0.000306751629134703	0.00030778272704776	0.2749288	0.2281092	0.2274234	0.2695386
-400	0.000602676730182298	0.000287160768786604	0.000282005279221315	0.2735307	0.2284997	0.2284444	0.2695251
-390	0.000584116967747257	0.000290769611482306	0.000285098572960488	0.2737668	0.2289658	0.2284946	0.2687729
-380	0.000583601418790728	0.000325311391569743	0.00029386290522148	0.2739852	0.2290587	0.2291879	0.2677681
-370	0.000615565454095521	0.00029850284583024	0.000319124804091396	0.2728854	0.2297037	0.229277	0.2681336
-360	0.00054957518765982	0.000261898869916687	0.000302627237482471	0.2726486	0.2297366	0.2297528	0.2678621
-350	0.000526891033572548	0.000278396436525612	0.000241276911655531	0.2732842	0.2300899	0.229279	0.2673474
-340	0.000558855068877341	0.000277880887569084	0.000271178751134208	0.2722639	0.2302086	0.2307268	0.2668005
-330	0.000561948362616514	0.000287676317743133	0.000275818691742968	0.2726982	0.2308378	0.2305833	0.2658806
-320	0.000637218510269735	0.00029850284583024	0.000303142786439	0.2714739	0.2307538	0.2312364	0.2665357
-310	0.000557308422007754	0.000296956198960653	0.000301080590612885	0.2713846	0.2311168	0.2312523	0.2662461
-300	0.000695475542357502	0.000355728780004949	0.000299018394786769	0.2708793	0.2315994	0.2317197	0.2658015
-290	0.000603192279138827	0.000292831807308422	0.000356244328961478	0.2710398	0.2321585	0.2318648	0.2649366
-280	0.00058772581044296	0.000311907118699992	0.000285098572960488	0.2704836	0.231342	0.2332479	0.2649264
-270	0.000667635898704941	0.000350057741483131	0.000302627237482471	0.270523	0.2327182	0.2326042	0.2641545
-260	0.000683102367400808	0.000342840056091726	0.000349542192526602	0.2696256	0.2321817	0.2342093	0.2639831
-250	0.000666604800791883	0.000321186999917512	0.000324280293656686	0.2688915	0.2333532	0.2340694	0.2636857
-240	0.000682586818444279	0.000342324507135198	0.000328920234265446	0.2684289	0.2338504	0.2343692	0.263351
-230	0.000723830734966592	0.000376350738266106	0.000351088839396189	0.2672564	0.2346807	0.235023	0.26304
-220	0.000731563969314526	0.000359853171657181	0.000357275426874536	0.2667913	0.2351257	0.2362647	0.2618183
-210	0.000736719458879815	0.00039800379444032	0.000354697682091891	0.2651954	0.2361258	0.2378801	0.2607988
-200	0.000851686876185763	0.000441309906788749	0.000420172399571063	0.2641763	0.2370784	0.2392663	0.2594791
-190	0.000881073166707911	0.000424296791223295	0.000437701064093046	0.2628631	0.238797	0.2399255	0.2584143
-180	0.000769714592097666	0.00040264373504908	0.000406768126701312	0.2626141	0.23901	0.2406493	0.2577263
-170	0.000873339932359977	0.000427390084962468	0.000399034892353378	0.2620045	0.2390132	0.2415183	0.2574642
-160	0.000883650911490555	0.000451105336962798	0.000439247710962633	0.2606024	0.2410295	0.241359	0.2570091
-150	0.000882619813577497	0.000465540707745608	0.000433576672440815	0.2594206	0.2415468	0.2423487	0.256684
-140	0.000996040584013858	0.000488740410789409	0.000487709312876351	0.2587237	0.2422992	0.2428623	0.256115
-130	0.00100996040584014	0.000535139816877011	0.000495442547224284	0.2578909	0.243515	0.2440031	0.2545914
-120	0.00110946135445022	0.000570712694877506	0.000523797739833375	0.2570021	0.2436184	0.2445672	0.2548124
-110	0.00112183452940691	0.000556277324094696	0.000581023674008084	0.2561161	0.2452988	0.2453339	0.2532512
-100	0.00111152355027633	0.000550090736616349	0.000567619401138332	0.2554339	0.246162	0.2459865	0.2524177
-90	0.00124247298523468	0.000658356017487421	0.000552152932442465	0.2540006	0.2467851	0.2468424	0.2523718
-80	0.00131052544749649	0.000669182545574528	0.000669182545574528	0.2527075	0.2474551	0.2478414	0.251996
-70	0.0014301328054112	0.000741359399488575	0.000692382248618329	0.2519469	0.2479916	0.2494585	0.250603
-60	0.00149457642497732	0.000766621298358492	0.000721768539140477	0.2504253	0.2490768	0.2501631	0.2503345
-50	0.0016368679369793	0.000850655778272705	0.000780541120184773	0.2497965	0.2497461	0.2503355	0.250122
-40	0.0017956570155902	0.000931081415491215	0.000869215540707746	0.249839	0.2500666	0.2515127	0.2485818
-30	0.00196888146498391	0.00100789821001402	0.000917677142621463	0.2489962	0.2510559	0.2509391	0.2490088
-20	0.0020756000989854	0.00106976408479749	0.00103728450053617	0.2481506	0.2515235	0.2512199	0.2491058
-10	0.00206116472820259	0.0010218180318403	0.00104707993071022	0.2477633	0.252459	0.2521698	0.2476075
0	0.00209261321455085	0.00102233358079683	0.00105017322444939	0.2469911	0.2522732	0.2527746	0.2479613
10	0.00208333333333333	0.00103212901097088	0.00104243999010146	0.2476571	0.2522619	0.2522814	0.2477997
20	0.00197764579724491	0.000982120762187577	0.00100635156314444	0.2486603	0.2517523	0.2512386	0.2483491
30	0.00191629547141797	0.00094757898210014	0.000977996370535346	0.2491001	0.2517746	0.250172	0.2489535
40	0.00174874206054607	0.00083879815227254	0.000926441474882455	0.2492033	0.2507124	0.2505033	0.2495807
50	0.00160645054854409	0.000735172812010228	0.000825393879402788	0.2493671	0.2502391	0.2501264	0.2502675
60	0.0014033242596717	0.000700631031922791	0.000730532871401468	0.2497439	0.2498888	0.2487298	0.2516371
70	0.00137136022436691	0.000673822486183288	0.000693928895487915	0.2505142	0.2484315	0.2490842	0.2519702
80	0.00127340592262641	0.000617627649921637	0.000662480409139652	0.2516243	0.2473443	0.2478337	0.2531979
90	0.00116926503340757	0.000567619401138332	0.000605770023921472	0.2525446	0.2455627	0.2476116	0.254281
100	0.00107027963375402	0.000541841953311887	0.000538748659572713	0.2530625	0.2451772	0.2457819	0.255978
110	0.00103728450053617	0.00052121999505073	0.000536686463746597	0.25281	0.2456368	0.2448758	0.256677
120	0.00103522230471006	0.00050214468365916	0.000505237977398334	0.2536068	0.244182	0.2448014	0.2574098
130	0.00102078693392725	0.000505753526354863	0.000491318155572053	0.2544458	0.2431963	0.2439275	0.2584303
140	0.00100738266105749	0.000475336137919657	0.000517611152355028	0.2553121	0.2428886	0.2429423	0.2588566
150	0.000855295718881465	0.000427905633918997	0.0004547141796585	0.2554048	0.2426895	0.2425616	0.2593441
160	0.000841375897055184	0.000423265693310237	0.000438216613049575	0.2554951	0.2420669	0.2418657	0.2605723
170	0.000867668893838159	0.000422234595397179	0.000421203497484121	0.256809	0.2410277	0.2412591	0.2609042
180	0.000875917677142621	0.000445949847397509	0.000431514476614699	0.2578844	0.2402388	0.2403663	0.2615103
190	0.000825393879402788	0.000394394951744618	0.000439763259919162	0.2578529	0.2396349	0.2393606	0.2631516
200	0.000740328301575518	0.000370164150787759	0.0003887239132228	0.2592758	0.2383364	0.2375681	0.2648196
210	0.000776416728532541	0.000379959580961808	0.000367586406005114	0.2606693	0.2373402	0.2361013	0.265889
220	0.000722284088097006	0.000356759877918007	0.000367586406005114	0.2610843	0.2358579	0.2355821	0.2674754
230	0.000714550853749072	0.000346448898787429	0.000347995545657016	0.2620569	0.234594	0.2355635	0.2677856
240	0.000642373999835024	0.000328920234265446	0.000334591272787264	0.2624816	0.2341742	0.2339712	0.2693731
250	0.000623298688443455	0.000310360471830405	0.000335106821743793	0.263681	0.2329688	0.2338986	0.2694515
260	0.000668666996617999	0.000335106821743793	0.000320671450960983	0.2639769	0.2319997	0.2334468	0.2705766
270	0.000634125216530562	0.000304173884352058	0.000328404685308917	0.2631419	0.2332702	0.2326175	0.2709705
280	0.000649591685226429	0.000313453765569578	0.000321702548874041	0.2640123	0.2324968	0.2320004	0.2714909
290	0.00059700569166048	0.000289738513569249	0.00031757815722181	0.2645423	0.2322245	0.232557	0.270676
300	0.00061608100305205	0.000308298276004289	0.000309844922873876	0.2640871	0.2316091	0.2327211	0.2715826
310	0.000600614534356182	0.000280974181308257	0.00030778272704776	0.2652322	0.2312415	0.2317206	0.2718057
320	0.000558855068877341	0.000272725398003794	0.000290254062525777	0.2659744	0.2312883	0.2317663	0.270971
330	0.000560917264703456	0.000292831807308422	0.000285614121917017	0.2654705	0.2307131	0.2316781	0.2721383
340	0.000615565454095521	0.000287160768786604	0.000300049492699827	0.2667473	0.2303358	0.2300502	0.2728668
350	0.000553699579312052	0.000285098572960488	0.000287676317743133	0.2670024	0.2299289	0.230612	0.272457
360	0.000555761775138167	0.000279943083395199	0.000279943083395199	0.2677477	0.2291802	0.2299037	0.2731682
370	0.000609378866617174	0.000296440650004124	0.000287676317743133	0.2679801	0.2286351	0.2296289	0.2737557
380	0.000528437680442135	0.000260867772003629	0.000292831807308422	0.2684612	0.2284002	0.2291364	0.2740022
390	0.000551121834529407	0.000270663202177679	0.000257258929307927	0.2691652	0.2275375	0.2288127	0.2744849
400	0.000538748659572713	0.000281489730264786	0.000279943083395199	0.2680943	0.2279188	0.2284218	0.275565
410	0.000556277324094696	0.000271178751134208	0.000288707415656191	0.269826	0.2272441	0.2281662	0.2747635
420	0.000567103852181803	0.00029386290522148	0.000273756495916852	0.2695626	0.2284591	0.2273893	0.2745891
430	0.000584116967747257	0.000288191866699662	0.000282005279221315	0.2703427	0.2276087	0.2271941	0.2748546
440	0.000598036789573538	0.000299018394786769	0.000303142786439	0.2705462	0.2263052	0.2282551	0.2748938
450	0.000584632516703786	0.000299018394786769	0.000283551926090902	0.2703968	0.2268457	0.2273035	0.2754541
460	0.000557308422007754	0.000263445516786274	0.000294894003134538	0.270715	0.2264017	0.2272998	0.2755834
470	0.000551121834529407	0.000289738513569249	0.000268085457395034	0.2702359	0.2272556	0.2264291	0.2760797
480	0.000567103852181803	0.00027942753443867	0.000295925101047595	0.2712932	0.2275143	0.2255455	0.2756471
490	0.000567619401138332	0.000205188484698507	0.000263961065742803	0.2718873	0.2266628	0.2265496	0.2748998
500	9.64076548709065e-05	0	0.000185597624350408	0.270987666666667	0.227263666666667	0.2259525	0.275795833333333
