Distance from Center (cmd=annotatePeaks.pl /home/ec2-user/atac_analysis_gorkin/heatmaps/new_figure/motif_density_plots/WT281-R2_peaks.narrowPeak hg38 -m AP-1_motif.txt -hist 10 -size 1000)	AP-1(bZIP)/ThioMac-PU.1-ChIP-Seq(GSE21512)/Homer total sites	AP-1(bZIP)/ThioMac-PU.1-ChIP-Seq(GSE21512)/Homer + sites	AP-1(bZIP)/ThioMac-PU.1-ChIP-Seq(GSE21512)/Homer - sites	A frequency	C frequency	G frequency	T frequency
-500	2.18277533463872e-05	0.000144448367733445	0	0.2743024	0.2278898	0.2275904	0.2702174
-490	0.000551471768369017	0.000258723076429236	0.000166918113825314	0.2741762	0.2281718	0.2276926	0.2699596
-480	0.000533495971495522	0.00026642698937502	0.0002600070619202	0.2736615	0.2289044	0.2275335	0.2699006
-470	0.000543767855423234	0.000277982858793696	0.00027926684428466	0.2738942	0.2275618	0.2285161	0.2700278
-460	0.00058164542740667	0.000295316662921709	0.000294032677430745	0.2736274	0.22812	0.2285186	0.269734
-450	0.000567521587006067	0.000281192822521106	0.000286328764484961	0.2731895	0.2284183	0.2287483	0.269644
-440	0.000532211986004558	0.000268994960356948	0.000252303148974417	0.2735727	0.2278892	0.2291887	0.2693496
-430	0.000554681732096427	0.000302378583122011	0.000281834815266587	0.2731667	0.2286911	0.229473	0.268669
-420	0.000607967129971431	0.000292106699194299	0.000283118800757551	0.2725739	0.2296169	0.2291849	0.268624
-410	0.000617597021153661	0.000306230539594903	0.000313934452540686	0.2724318	0.2304093	0.2294454	0.2677135
-400	0.000520014123840401	0.000242031265046705	0.00027926684428466	0.2715064	0.2302674	0.2302808	0.2679455
-390	0.000514878181876545	0.000270278945847912	0.000254871119956344	0.2712967	0.2311855	0.2299362	0.2675815
-380	0.000580361441915706	0.000278624851539178	0.000274130902320804	0.2718672	0.2307728	0.23094	0.2664202
-370	0.000581003434661188	0.000304946554103939	0.000294674670176227	0.271525	0.2316121	0.2307836	0.2660792
-360	0.00058806535486149	0.000294674670176227	0.000290180720957853	0.2713842	0.2315753	0.2310918	0.2659488
-350	0.000573299521715405	0.000268994960356948	0.000289538728212371	0.2711663	0.2316556	0.2317561	0.2654221
-340	0.000550829775623535	0.000301736590376529	0.000276698873302732	0.27059	0.2326075	0.2319823	0.2648201
-330	0.000544409848168716	0.000276698873302732	0.000293390684685263	0.2698625	0.2328378	0.2326757	0.2646241
-320	0.000598337238789202	0.000294032677430745	0.0002600070619202	0.269298	0.2338127	0.2330926	0.2637969
-310	0.000617597021153661	0.000330626263923218	0.000315860430777132	0.2696657	0.2340788	0.232994	0.2632612
-300	0.000610535100953359	0.000291464706448817	0.000303020575867493	0.2686369	0.2346102	0.2331966	0.2635564
-290	0.000618881006644625	0.000332552242159664	0.000307514525085867	0.2680395	0.2342384	0.2343265	0.2633957
-280	0.000624658941353963	0.000299810612140083	0.000300452604885565	0.2691877	0.23396	0.2346223	0.2622299
-270	0.000613103071935287	0.000304304561358457	0.000299168619394601	0.268379	0.2335882	0.2363084	0.2617243
-260	0.000609893108207877	0.000310724488813276	0.000304304561358457	0.2677129	0.2351981	0.2352206	0.2618689
-250	0.000640708759991012	0.000328700285686772	0.00031521843803165	0.2672241	0.2349863	0.2363502	0.2614394
-240	0.000647128687445832	0.000337688184123519	0.00031200847430424	0.2662193	0.2356461	0.2369071	0.2612277
-230	0.000733155715340417	0.000344750104323821	0.000347960068051231	0.2651704	0.2363204	0.2378433	0.260666
-220	0.000695920136102462	0.00037363977787051	0.000363367893942798	0.2640487	0.2375702	0.2392754	0.259106
-210	0.000769749301832889	0.000399319487689789	0.000356947966487979	0.2632194	0.2390389	0.2394158	0.258326
-200	0.000738291657304273	0.000377491734343402	0.00037684974159792	0.2619138	0.2390585	0.2417608	0.257267
-190	0.000755625461432286	0.000392257567489487	0.000395467531216897	0.2607146	0.2408666	0.2424261	0.2559925
-180	0.000876320097582897	0.000429493146727442	0.000385195647289186	0.2598788	0.2420241	0.2427675	0.2553296
-170	0.000815972779507592	0.00042243122652714	0.000439765030655154	0.2588196	0.2424247	0.2437882	0.2549675
-160	0.000842936474817835	0.000398677494944307	0.00041922126279973	0.2577693	0.2437764	0.2447232	0.2537308
-150	0.000814688794016628	0.000433345103200334	0.000394183545725933	0.2575032	0.2442797	0.2449137	0.2533033
-140	0.000912271691329888	0.000449394921837383	0.000446184958109973	0.2570453	0.244805	0.2460293	0.2521206
-130	0.000948865277822361	0.000506532276185279	0.000455172856546721	0.2554794	0.2449643	0.2468834	0.2526729
-120	0.00108111578339165	0.000541841877186788	0.000519372131094919	0.2541501	0.2475637	0.2467346	0.2515516
-110	0.00102269444355279	0.000497544377748531	0.000560459666805765	0.2537116	0.2480776	0.2479046	0.2503064
-100	0.00108946168908291	0.000557891695823837	0.000502038326966905	0.2525688	0.2485482	0.2484878	0.2503952
-90	0.00113889513048503	0.0005912753185889	0.000565595608769621	0.2510023	0.2498699	0.2497334	0.2493943
-80	0.00129554136038263	0.000693994157866016	0.000609893108207877	0.2494272	0.2499879	0.2512305	0.2493541
-70	0.00136038262767631	0.000661252527846435	0.000678586331974449	0.249561	0.2516871	0.2511406	0.2476114
-60	0.00142329791673354	0.000744711584759092	0.000686290244920232	0.248765	0.2518365	0.2523984	0.2470004
-50	0.00157031425544891	0.000800564953616024	0.000780021185760601	0.2470127	0.2523345	0.2529713	0.2476813
-40	0.0016884409206176	0.000896221872692839	0.000787725098706385	0.2469745	0.2524499	0.2546574	0.245918
-30	0.00177254197027574	0.000896221872692839	0.000878246075819343	0.246711	0.2532099	0.2534043	0.246675
-20	0.00178538182518538	0.000899431836420248	0.000896221872692839	0.2459882	0.2543277	0.2535211	0.246163
-10	0.00187911276602574	0.000961705132732	0.000917407633293744	0.2456699	0.255361	0.253974	0.2449951
0	0.0018913106281899	0.000914197669566334	0.000962989118222964	0.2450563	0.2545733	0.254623	0.2457476
10	0.00187847077328026	0.000934741437421757	0.000918049626039226	0.2451662	0.2548735	0.2550413	0.2449188
20	0.00178730780342182	0.000884666003274163	0.000902641800147658	0.2457471	0.2542717	0.2543002	0.2456809
30	0.00173530639103778	0.000856418322472956	0.000901999807402176	0.2456333	0.254026	0.2537133	0.2466274
40	0.00167945302218085	0.000794787018906686	0.000873752126600969	0.24581	0.2540989	0.2533424	0.2467491
50	0.00152665874875614	0.000737649664558791	0.000806984881070844	0.2472763	0.2526125	0.2526548	0.2474561
60	0.00138349436651366	0.000668956440792219	0.000706192020030174	0.2465471	0.2531166	0.2518705	0.248466
70	0.00130773922254679	0.000639424774500048	0.000658042564119025	0.2474112	0.2514918	0.2518762	0.2492208
80	0.00123904599878021	0.000589349340352454	0.000641350752736494	0.2488665	0.25039	0.2504608	0.2502826
90	0.00110358552948352	0.000550829775623535	0.000550187782878053	0.2494622	0.2488749	0.2499644	0.2516986
100	0.00106121400828171	0.00053927390620486	0.000559817674060283	0.2505231	0.2471353	0.2497714	0.2525702
110	0.00106570795750008	0.000507816261676243	0.000534779956986486	0.250532	0.2476248	0.2473121	0.2545308
120	0.000985458864314833	0.00047443263891118	0.000510384232658171	0.2505014	0.2474755	0.2471501	0.2548728
130	0.000935383430167239	0.000446826950855455	0.000480210573620518	0.2516961	0.2460711	0.2466825	0.2555501
140	0.000910345713093442	0.000444900972619009	0.0004416910088916	0.2527109	0.2453419	0.2453142	0.256633
150	0.000832664590890123	0.000408949378872019	0.000457740827528649	0.2527549	0.2442591	0.2452861	0.2577001
160	0.0008121208230347	0.000394183545725933	0.000414085320835875	0.25377	0.2438629	0.2441741	0.2581929
170	0.000756267454177768	0.000390973581998523	0.000380701698070812	0.2551428	0.2436115	0.2428303	0.2584154
180	0.000769749301832889	0.000371071806888582	0.000378133727088884	0.2551293	0.2425131	0.2429126	0.2594452
190	0.000757551439668732	0.000394183545725933	0.000383911661798222	0.2558559	0.2412287	0.2418042	0.261111
200	0.000702982056302764	0.000338330176869001	0.000366577857670208	0.2564911	0.2398626	0.241199	0.2624474
210	0.00074727955574102	0.000354379995506051	0.000346676082560267	0.2585066	0.2388644	0.2386923	0.2639366
220	0.000674734375501557	0.000342824126087375	0.000363367893942798	0.2582489	0.2379721	0.2390449	0.2647339
230	0.000668956440792219	0.000322280358231952	0.000346676082560267	0.2603699	0.2370988	0.2371117	0.2654196
240	0.000618881006644625	0.000303020575867493	0.000316502423522614	0.2601126	0.2365821	0.2367885	0.2665171
250	0.000656758578628061	0.000320996372740988	0.000307514525085867	0.2613214	0.235325	0.2360424	0.2673111
260	0.000603473180753057	0.00032163836548647	0.000303020575867493	0.2619628	0.2354253	0.2353385	0.2672735
270	0.000632362854299746	0.000296600648412673	0.00032484832921388	0.2616056	0.2357065	0.2344558	0.2682323
280	0.000598337238789202	0.000300452604885565	0.000305588546849421	0.2614874	0.2339059	0.2354166	0.26919
290	0.000563027637787693	0.000292748691939781	0.000297242641158155	0.2617923	0.2339793	0.234917	0.2693115
300	0.000627226912335891	0.00031200847430424	0.000299810612140083	0.2629106	0.2332422	0.2338171	0.2700298
310	0.000559817674060283	0.000275414887811768	0.000287612749975925	0.2634882	0.2320711	0.2345972	0.2698435
320	0.000577793470933778	0.000278624851539178	0.000294032677430745	0.2639179	0.2320174	0.2333603	0.2707039
330	0.000567521587006067	0.000281192822521106	0.000270920938593394	0.2639096	0.2324413	0.2330741	0.2705748
340	0.000545051840914198	0.00027926684428466	0.000285686771739479	0.2650793	0.2320909	0.2320272	0.2708024
350	0.000555323724841909	0.000277982858793696	0.000282476808012069	0.2646362	0.2314521	0.2319836	0.271928
360	0.000590633325843418	0.000300452604885565	0.000281834815266587	0.2653495	0.231494	0.2314907	0.2716655
370	0.000530928000513594	0.000249735177992489	0.00027605688055725	0.2654518	0.2312	0.2309861	0.272362
380	0.000524508073058774	0.000274772895066286	0.000261933040156646	0.2667658	0.2304337	0.2296015	0.2731994
390	0.000585497383879562	0.000287612749975925	0.000292748691939781	0.2674731	0.2300425	0.2302484	0.2722359
400	0.000559817674060283	0.000282476808012069	0.000283118800757551	0.2677143	0.2290703	0.2303107	0.2729047
410	0.000582929412897634	0.000275414887811768	0.000277340866048214	0.2680146	0.2293725	0.2290972	0.2735158
420	0.000554039739350945	0.000274772895066286	0.000293390684685263	0.2684545	0.2295345	0.2285107	0.2735004
430	0.000573941514460887	0.00027605688055725	0.000274772895066286	0.269187	0.2289887	0.2277319	0.2740926
440	0.000575867492697333	0.000299810612140083	0.000295958655667191	0.2687054	0.2283506	0.2286517	0.2742926
450	0.000550187782878053	0.00026321702564761	0.000291464706448817	0.2692765	0.2280084	0.2286188	0.2740963
460	0.000543125862677752	0.000283760793503033	0.000268994960356948	0.2689717	0.228521	0.2282099	0.2742977
470	0.000582287420152152	0.000313292459795204	0.000288254742721407	0.2696584	0.2274523	0.2286645	0.2742251
480	0.000527076044040702	0.000236253330337367	0.00027605688055725	0.2692802	0.2277311	0.2283551	0.2746334
490	0.000507816261676243	0.000178473983243989	0.000248451192501525	0.2701632	0.2278579	0.2269981	0.2749808
500	8.79530061310307e-05	0	0.000159856193625012	0.270268333333333	0.227805666666667	0.227085	0.274841
