Distance from Center (cmd=annotatePeaks.pl /home/ec2-user/atac_analysis_gorkin/heatmaps/new_figure/motif_density_plots/I315I-R1_peaks.narrowPeak hg38 -m AP-1_motif.txt -hist 10 -size 1000)	AP-1(bZIP)/ThioMac-PU.1-ChIP-Seq(GSE21512)/Homer total sites	AP-1(bZIP)/ThioMac-PU.1-ChIP-Seq(GSE21512)/Homer + sites	AP-1(bZIP)/ThioMac-PU.1-ChIP-Seq(GSE21512)/Homer - sites	A frequency	C frequency	G frequency	T frequency
-500	2.29079767484036e-05	0.000130289117756545	0	0.2762592	0.2261958	0.2252676	0.272277
-490	0.000539291952618668	0.000268691477278151	0.000164173833363559	0.2764192	0.2255192	0.2259463	0.2721153
-480	0.000588925902240209	0.000291599454026554	0.000282531713230311	0.2762893	0.225597	0.2258536	0.27226
-470	0.000557427434211154	0.000279668216136761	0.000297803697729247	0.2765656	0.2254995	0.2255539	0.2723809
-460	0.000604675136254737	0.000308780436587857	0.000290167705479779	0.2758072	0.2257629	0.2254091	0.2730208
-450	0.000563154428398255	0.000284440711292678	0.000283008962745903	0.2758827	0.2265449	0.2253256	0.2722472
-440	0.000574608416772457	0.000288258707417412	0.000280622715167944	0.2752417	0.2263029	0.2262273	0.272228
-430	0.000597993643036452	0.000296849198698063	0.000300189945307206	0.2749273	0.2256522	0.2270003	0.2724206
-420	0.000569358672100948	0.000298280947244839	0.000294940200635696	0.2759915	0.225974	0.2264166	0.2716176
-410	0.000601811639161186	0.000323097922055609	0.000292076703542146	0.275136	0.2270862	0.2263894	0.2713882
-400	0.000620424370269264	0.000294940200635696	0.000303053442400756	0.2757168	0.2265045	0.2266719	0.2711067
-390	0.000648582091689177	0.000313075682228183	0.000311643933681407	0.2752464	0.2267793	0.2271474	0.2708266
-380	0.000568404173069764	0.000282531713230311	0.000302098943369573	0.2754917	0.2272186	0.2276546	0.2696353
-370	0.00055885918275793	0.000285395210323862	0.000271554974371701	0.2748886	0.2275162	0.2280184	0.2695767
-360	0.000540246451649852	0.00027394122194966	0.000274418471465251	0.2757297	0.2282055	0.2277598	0.2683052
-350	0.00056458617694503	0.000271554974371701	0.000270123225824926	0.2738079	0.2284026	0.2283867	0.2694031
-340	0.000545018946805769	0.000299712695791614	0.000279190966621169	0.2733568	0.2289777	0.2289502	0.2687152
-330	0.000594175646911718	0.000282054463714719	0.000289690455964187	0.2739829	0.2288799	0.2296236	0.2675138
-320	0.00056458617694503	0.000288735956933004	0.000276327469527618	0.2738672	0.2289821	0.2292507	0.2678999
-310	0.000590357650786984	0.000311166684165816	0.000293985701604513	0.2734824	0.2288942	0.2298434	0.2677798
-300	0.000624242366393998	0.000302576192885164	0.000301621693853981	0.2733812	0.2288732	0.2308012	0.2669446
-290	0.000610879379957429	0.000303530691916348	0.000299235446276022	0.2717502	0.229584	0.2310028	0.2676629
-280	0.000615651875113347	0.000342187902679279	0.00029589469966688	0.2727239	0.2299366	0.2309134	0.2664261
-270	0.000617083623660122	0.000321666173508834	0.000319279925930875	0.2717162	0.230909	0.2310306	0.2663442
-260	0.000658127082001012	0.000313075682228183	0.000304007941431939	0.271526	0.2313759	0.231408	0.2656903
-250	0.000639991600408526	0.000342665152194871	0.000316416428837325	0.2700936	0.2314945	0.232703	0.2657087
-240	0.000728282760792998	0.000367482127005641	0.000359368885240581	0.2700182	0.2314041	0.233594	0.2649836
-230	0.000661467828610154	0.000324052421086793	0.000338369906554545	0.2699593	0.2327919	0.2328574	0.2643911
-220	0.000760735727853236	0.000388481105691678	0.000360800633787357	0.2689701	0.2325868	0.2346451	0.263798
-210	0.0007397367491672	0.000379413364895435	0.000379890614411026	0.2677888	0.2346342	0.2349046	0.2626724
-200	0.000825164412458121	0.0004218885717831	0.000392299101816412	0.2660866	0.2360899	0.2362921	0.2615315
-190	0.000780302957992498	0.00039468534939437	0.00039993509406588	0.264752	0.2369354	0.237735	0.2605777
-180	0.000880525356266763	0.000455773287390113	0.000401844092128246	0.263997	0.2367314	0.2393296	0.259942
-170	0.000881957104813539	0.000445273798047095	0.000440024053375586	0.2627025	0.2381277	0.2393364	0.2598334
-160	0.000881479855297947	0.000461500281577214	0.000438592304828811	0.2622512	0.2387866	0.2399954	0.2589666
-150	0.000953067282636708	0.000453387039812155	0.000458636784483664	0.2611895	0.2396537	0.2413055	0.2578512
-140	0.000965953019557685	0.000509225233136388	0.000468181774795499	0.2605981	0.2403323	0.2417221	0.2573474
-130	0.00101033722450772	0.000496339496215411	0.000504929987496063	0.2596882	0.2418445	0.2417804	0.2566869
-120	0.00104279019156796	0.000566017925491806	0.000492998749606269	0.2583539	0.2425906	0.2426206	0.2564352
-110	0.00116496606755944	0.000584153407084292	0.000576517414834824	0.2577303	0.2426354	0.2441565	0.2554778
-100	0.00118262429963634	0.000597993643036452	0.000570790420647723	0.2570129	0.2442315	0.2440815	0.254674
-90	0.00123368999780465	0.000648104842173585	0.000601334389645594	0.2554182	0.2451703	0.245628	0.2537836
-80	0.00137018335926389	0.000698216041310718	0.000682466807296191	0.2544818	0.2460509	0.2464864	0.2529807
-70	0.00147613275172526	0.00077553046283658	0.000724942014183856	0.2535422	0.2469376	0.2466375	0.2528829
-60	0.00162694359865225	0.000811324176505961	0.000774575963805397	0.2529478	0.2467033	0.2482184	0.2521306
-50	0.00171953000467705	0.000880525356266763	0.000845208892112974	0.2507548	0.2486036	0.2492268	0.2514151
-40	0.0018550688671051	0.00098933824582168	0.000900092586406025	0.2502232	0.2493433	0.2501271	0.2503064
-30	0.00212519209293003	0.00110149188198574	0.00101367797111686	0.2494442	0.2495321	0.2511369	0.2498868
-20	0.00221443775234568	0.0011382400946863	0.00109337864022068	0.2493849	0.2499301	0.2508837	0.2498011
-10	0.00230081991466779	0.00115876182385675	0.00114301258984222	0.2487412	0.2516827	0.2512814	0.2482949
0	0.00239006557408344	0.00118644229576107	0.00117021581223095	0.2482644	0.2512356	0.2517403	0.2487599
10	0.00237049834394418	0.00114635333645136	0.00118596504624548	0.2485228	0.2511345	0.2511805	0.2491624
20	0.00221491500186127	0.00112964960340565	0.00112726335582769	0.2491669	0.2509454	0.2505309	0.2493569
30	0.00218914352801932	0.00101224622257008	0.00112583160728092	0.2505378	0.2497327	0.2498772	0.2498523
40	0.00189515782641481	0.000917750818482919	0.00100795097692976	0.2500558	0.2496172	0.2496497	0.2506773
50	0.0017047352696937	0.000796052192007025	0.000899138087374841	0.2507837	0.2496311	0.2480569	0.2515284
60	0.001456565521586	0.00072351026563708	0.000768371720102704	0.2511727	0.2484869	0.2484045	0.2519355
70	0.00141552206324511	0.000692011797608025	0.000736396002558057	0.2524436	0.2474662	0.2468701	0.2532201
80	0.00128189219887942	0.000615651875113347	0.000660036080063379	0.2538625	0.2456328	0.2462809	0.2542237
90	0.00126948371147403	0.00061374287705098	0.00060276613819237	0.2539863	0.244599	0.2452478	0.2561668
100	0.00114014909274867	0.000585107906115475	0.000606106884801512	0.2540771	0.2444026	0.2443709	0.2571495
110	0.00112726335582769	0.000530224211822425	0.000568404173069764	0.2544928	0.2437701	0.2432886	0.2584486
120	0.00102751820706902	0.000525451716666508	0.000532133209884792	0.2562287	0.2424261	0.2422974	0.2590478
130	0.00105328968091097	0.000524974467150916	0.000532610459400384	0.2562955	0.2424786	0.2414918	0.2597341
140	0.00102465470997547	0.000479158513654109	0.00049061250202831	0.2571052	0.2411118	0.2406626	0.2611205
150	0.000899615336890433	0.000440024053375586	0.000498248494277778	0.2574923	0.2400301	0.2402336	0.2622443
160	0.00091250107381141	0.000461500281577214	0.000435251558219668	0.2579604	0.2397586	0.2394292	0.2628518
170	0.000883388853360314	0.000434774308704077	0.000444796548531503	0.2587833	0.2393175	0.238505	0.2633943
180	0.000860003627096318	0.000429047314516976	0.000440978552406769	0.2591819	0.2383506	0.2380371	0.2644303
190	0.000793188694913475	0.000384663109566944	0.00041663882711159	0.2592865	0.2371031	0.2378551	0.2657551
200	0.00076169022688442	0.000374640869739517	0.000377027117317476	0.2611455	0.2361465	0.2359868	0.2667209
210	0.000757872230759686	0.000374640869739517	0.000379890614411026	0.2624108	0.2346593	0.2347809	0.2681491
220	0.000723033016121489	0.000347437647350788	0.000368913875552416	0.2638774	0.2333512	0.2331633	0.2696082
230	0.000662899577156929	0.000331211163820669	0.000346960397835196	0.2640618	0.2331968	0.2324867	0.2702545
240	0.000680080559718232	0.000354596390084664	0.000315939179321733	0.2649355	0.232027	0.2326234	0.2704138
250	0.000673399066499947	0.000336460908492178	0.000343619651226054	0.2655304	0.2314912	0.2317814	0.271197
260	0.000672444567468764	0.000323575171571201	0.000356028138631439	0.2653512	0.2314795	0.2311079	0.2720613
270	0.000641423348955301	0.000316416428837325	0.000319757175446467	0.265954	0.2309623	0.2313056	0.271778
280	0.000647627592657993	0.00033168841333626	0.00031498468029055	0.2659594	0.2304212	0.2305588	0.2730605
290	0.000598948142067636	0.000299235446276022	0.000318325426899692	0.2664174	0.2301544	0.2304978	0.2729306
300	0.000587971403209026	0.00030687143852549	0.000283486212261495	0.2668504	0.2304183	0.2296814	0.27305
310	0.000648104842173585	0.000286826958870637	0.000310689434650224	0.2672027	0.2295379	0.2299074	0.2733519
320	0.000525928966182099	0.00027394122194966	0.000297326448213655	0.2680723	0.2286257	0.2296818	0.2736201
330	0.000576040165319232	0.000268691477278151	0.000290167705479779	0.26792	0.2287465	0.229215	0.2741186
340	0.000546927944868136	0.000280622715167944	0.000262487233575458	0.2680881	0.2282309	0.2296574	0.2740235
350	0.000551223190508462	0.00027680471904321	0.000274895720980843	0.2688309	0.2283202	0.2282232	0.2746256
360	0.000559813681789113	0.000278713717105577	0.000292553953057738	0.2682762	0.2281305	0.2286656	0.2749277
370	0.000552177689539645	0.000273463972434068	0.000279190966621169	0.2693479	0.2277297	0.2277883	0.2751341
380	0.000555041186633196	0.000268691477278151	0.000285872459839453	0.2698327	0.227381	0.227607	0.2751791
390	0.000527360714728875	0.000262487233575458	0.000264873481153417	0.270118	0.2264298	0.2274388	0.2760133
400	0.000526883465213283	0.000274418471465251	0.000257237488903949	0.271135	0.2262478	0.2267679	0.2758492
410	0.000584630656599884	0.000280145465652352	0.000273463972434068	0.2709506	0.2269089	0.2264322	0.2757083
420	0.000571267670163315	0.000293985701604513	0.000299712695791614	0.2709736	0.2255935	0.2265345	0.2768983
430	0.00055885918275793	0.000271077724856109	0.000289690455964187	0.2722582	0.2255368	0.2256462	0.2765591
440	0.000566972424522989	0.000274895720980843	0.000280145465652352	0.2716927	0.2259415	0.2252705	0.277095
450	0.00055885918275793	0.000300667194822797	0.000255805740357174	0.2710758	0.2257259	0.2250105	0.2781878
460	0.000551700440024053	0.000270123225824926	0.000299235446276022	0.271776	0.2258422	0.2253203	0.2770617
470	0.000573176668225682	0.000294940200635696	0.00027394122194966	0.272227	0.2251161	0.2258478	0.276809
480	0.000559813681789113	0.000281099964683536	0.000279190966621169	0.2721578	0.2256457	0.2244281	0.2777686
490	0.000557427434211154	0.000183741063502821	0.000281099964683536	0.2725688	0.225155	0.225432	0.2768443
500	7.2064676854353e-05	0	0.000159401338207642	0.273233333333333	0.226201166666667	0.223917666666667	0.276648166666667
