Distance from Center (cmd=annotatePeaks.pl /home/ec2-user/atac_analysis_gorkin/heatmaps/new_figure/motif_density_plots/W281X-R2_peaks.narrowPeak hg38 -m AP-1_motif.txt -hist 10 -size 1000)	AP-1(bZIP)/ThioMac-PU.1-ChIP-Seq(GSE21512)/Homer total sites	AP-1(bZIP)/ThioMac-PU.1-ChIP-Seq(GSE21512)/Homer + sites	AP-1(bZIP)/ThioMac-PU.1-ChIP-Seq(GSE21512)/Homer - sites	A frequency	C frequency	G frequency	T frequency
-500	2.72336269556561e-05	0.000150254493548448	0	0.2663616	0.2348102	0.2386882	0.26014
-490	0.000542794357943767	0.000246041733185583	0.000176549029919426	0.2655503	0.2361139	0.23824	0.2600955
-480	0.000543733448528445	0.000263884454294461	0.000252615367278328	0.2667185	0.2361685	0.2388727	0.2582402
-470	0.000504291643971978	0.000255432639032361	0.000261067182540428	0.2659117	0.2362682	0.2390131	0.258807
-460	0.000542794357943767	0.000265762635463817	0.000269518997802528	0.2656547	0.2368086	0.2393848	0.258152
-450	0.000531525270927634	0.000297691715342862	0.000271397178971884	0.2657178	0.2361657	0.2400051	0.2581113
-440	0.000560637079052645	0.000275153541310595	0.000300508987096895	0.2653996	0.2368933	0.239669	0.258038
-430	0.000545611629697801	0.000235711736754127	0.000261067182540428	0.265757	0.2376354	0.2394549	0.2571528
-420	0.00055030708262119	0.00029017899066544	0.000283605356572695	0.2655818	0.2382447	0.2396092	0.2565643
-410	0.00055030708262119	0.000279848994233984	0.000258249910786394	0.2645255	0.2379593	0.2408735	0.2566415
-400	0.000490205285201811	0.000258249910786394	0.000264823544879139	0.2649745	0.238526	0.2408715	0.2556277
-390	0.000498657100463911	0.000247919914354939	0.000238529008508161	0.2633603	0.2391151	0.2415258	0.2559986
-380	0.000475179835846966	0.000252615367278328	0.000236650827338805	0.2626289	0.2399558	0.2421545	0.2552608
-370	0.00055875889788329	0.000257310820201717	0.000269518997802528	0.2629745	0.2401572	0.2428144	0.2540539
-360	0.000536220723851023	0.000302387168266251	0.000252615367278328	0.2623128	0.2407069	0.2437388	0.2532418
-350	0.000594444340101046	0.000291118081250117	0.000291118081250117	0.2619502	0.2415747	0.2435579	0.2529169
-340	0.00056721071314539	0.000258249910786394	0.000280788084818662	0.2616397	0.2414185	0.244651	0.252291
-330	0.000490205285201811	0.00027703172247995	0.000258249910786394	0.2603266	0.2430968	0.244181	0.2523954
-320	0.00060571342711718	0.000267640816633172	0.000293935353004151	0.2601778	0.2422553	0.2463065	0.2512604
-310	0.000523073455665534	0.000265762635463817	0.000265762635463817	0.2595216	0.24359	0.2460006	0.2508876
-300	0.000551246173205867	0.000291118081250117	0.000266701726048495	0.2592104	0.2436597	0.2471178	0.2500122
-290	0.000613226151794602	0.000310838983528351	0.000330559885806585	0.2590164	0.2433895	0.2476325	0.2499615
-280	0.000534342542681667	0.00025167627669365	0.000246041733185583	0.2587923	0.2446283	0.2482098	0.2483697
-270	0.000530586180342956	0.000269518997802528	0.000264823544879139	0.2573541	0.2462322	0.2484036	0.2480101
-260	0.000545611629697801	0.000258249910786394	0.000274214450725917	0.2568981	0.2461377	0.249383	0.2475813
-250	0.000551246173205867	0.000300508987096895	0.000273275360141239	0.256063	0.2462046	0.2496052	0.2481274
-240	0.000563454350806679	0.000273275360141239	0.000281727175403339	0.2545646	0.2473793	0.2509464	0.2471098
-230	0.000594444340101046	0.000292996262419473	0.000308021711774318	0.253371	0.2489745	0.2516704	0.2459841
-220	0.000526829818004245	0.000271397178971884	0.000282666265988017	0.2525893	0.2497231	0.253044	0.2446442
-210	0.000572845256653457	0.000320229889375129	0.000257310820201717	0.2510958	0.2510533	0.2535833	0.2442679
-200	0.000607591608286535	0.000289239900080762	0.000292057171834795	0.2486082	0.2516843	0.256319	0.2433883
-190	0.000581297071915557	0.000282666265988017	0.000303326258850929	0.2475468	0.2534077	0.2563888	0.2426569
-180	0.000604774336532502	0.000311778074113029	0.000285483537742051	0.2465038	0.2543791	0.258528	0.240589
-170	0.000585992524838946	0.00029863080592754	0.000308960802358996	0.2457752	0.2549927	0.2589526	0.2402794
-160	0.000635764325826869	0.000271397178971884	0.000308960802358996	0.2442661	0.2569153	0.2599451	0.2388737
-150	0.0005287079991736	0.000317412617621096	0.000258249910786394	0.2428372	0.2578131	0.2613371	0.2380126
-140	0.000643277050504292	0.000310838983528351	0.000314595345867062	0.2427037	0.2576935	0.2621165	0.2374863
-130	0.000581297071915557	0.000308960802358996	0.00029017899066544	0.2407527	0.2593607	0.2638948	0.2359919
-120	0.000671449768044626	0.00031553443645174	0.000317412617621096	0.2408578	0.2602444	0.2631498	0.235748
-110	0.000566271622560712	0.000296752624758184	0.000319290798790451	0.2386619	0.2611668	0.2654674	0.2347041
-100	0.000619799785887347	0.000316473527036418	0.000274214450725917	0.2380435	0.2623941	0.2667699	0.2327924
-90	0.000657363409274459	0.000313656255282385	0.000335255338729974	0.2364443	0.2639932	0.2667606	0.2328017
-80	0.000607591608286535	0.00032398625171384	0.000320229889375129	0.2353545	0.265998	0.2677158	0.2309317
-70	0.000709952482016415	0.000338072610484007	0.000328681704637229	0.2332829	0.266578	0.2688105	0.2313289
-60	0.000625434329395414	0.000335255338729974	0.000319290798790451	0.2324885	0.2687784	0.2684792	0.2302541
-50	0.00069962248558496	0.000335255338729974	0.000336194429314652	0.2311858	0.2689629	0.2708717	0.2289796
-40	0.000684597036230115	0.000339950791653363	0.00035403715042353	0.2303397	0.2692321	0.2710912	0.2293371
-30	0.000653607046935747	0.000339950791653363	0.000330559885806585	0.2297813	0.2696114	0.2723587	0.2282482
-20	0.000681779764476081	0.000318351708205774	0.000351219878669496	0.2285711	0.2715108	0.2710769	0.2288413
-10	0.000651728865766392	0.000348402606915463	0.000308960802358996	0.2264373	0.2739883	0.2728239	0.2267508
0	0.000712769753770449	0.000365306237439663	0.000360610784516274	0.2269831	0.2720595	0.2738432	0.227114
10	0.000710891572601093	0.000339950791653363	0.000356854422177563	0.2272515	0.2722846	0.2726112	0.2278527
20	0.000677084311552692	0.000353098059838852	0.000336194429314652	0.2281221	0.2711277	0.2718044	0.2289455
30	0.000729673384294649	0.00035403715042353	0.000348402606915463	0.2293334	0.2712717	0.2700603	0.2293344
40	0.00068647521739947	0.000338072610484007	0.000342768063407396	0.2288939	0.2706119	0.2693826	0.2311115
50	0.000564393441391357	0.000285483537742051	0.000310838983528351	0.2297966	0.2696361	0.2693055	0.231262
60	0.000624495238810736	0.000324925342298518	0.000305204440020284	0.2301203	0.2688934	0.2680922	0.2328941
70	0.000627312510564769	0.000320229889375129	0.000296752624758184	0.2311275	0.2677931	0.2670721	0.2340076
80	0.000659241590443814	0.000302387168266251	0.000326803523467874	0.2313542	0.2669101	0.2650118	0.236724
90	0.000618860695302669	0.000319290798790451	0.000299569896512218	0.2318033	0.2660205	0.2642184	0.2379579
100	0.000624495238810736	0.000302387168266251	0.000325864432883196	0.2326617	0.2651048	0.2638512	0.2383824
110	0.000662997952782525	0.000335255338729974	0.00032398625171384	0.2346448	0.2640282	0.2619998	0.2393272
120	0.000654546137520425	0.000330559885806585	0.000327742614052551	0.2356492	0.2629852	0.2607677	0.2405981
130	0.00058411434366959	0.000281727175403339	0.000326803523467874	0.2361263	0.2618782	0.2600195	0.241976
140	0.000617921604717991	0.000281727175403339	0.00030708262118964	0.2367289	0.2612074	0.2597276	0.2423363
150	0.000553124354375223	0.00029017899066544	0.000294874443588829	0.2370082	0.2604731	0.2587365	0.2437824
160	0.000645155231673647	0.00032398625171384	0.000289239900080762	0.2372506	0.2599644	0.257121	0.2456641
170	0.000588809796592979	0.000276092631895273	0.000327742614052551	0.2387038	0.2584849	0.2568087	0.2460023
180	0.00055875889788329	0.00029017899066544	0.000280788084818662	0.2393739	0.2582542	0.2549542	0.2474176
190	0.000548428901451834	0.000287361718911406	0.000269518997802528	0.2402548	0.2563754	0.2550407	0.2483289
200	0.000582236162500235	0.000292057171834795	0.000283605356572695	0.2414859	0.2550315	0.2527573	0.2507251
210	0.000540916176774412	0.000282666265988017	0.000274214450725917	0.2433729	0.2526263	0.2520749	0.2519261
220	0.00055030708262119	0.000253554457863005	0.000264823544879139	0.2449841	0.2522628	0.2507956	0.2519579
230	0.000500535281633266	0.000262945363709783	0.000257310820201717	0.2459527	0.2506136	0.2501103	0.2533236
240	0.000564393441391357	0.000287361718911406	0.00025167627669365	0.245803	0.2499246	0.2490031	0.2552691
250	0.000476118926431644	0.000245102642600905	0.000277970813064628	0.2469978	0.2494694	0.2477094	0.2558236
260	0.000590687977762335	0.000283605356572695	0.000271397178971884	0.2473603	0.247827	0.2471974	0.2576152
270	0.000564393441391357	0.000270458088387206	0.000274214450725917	0.2479383	0.2487035	0.2464849	0.2568735
280	0.000516499821572789	0.000263884454294461	0.00027703172247995	0.2479	0.2471104	0.2459515	0.2590379
290	0.000532464361512311	0.000257310820201717	0.000264823544879139	0.2493053	0.2473352	0.2445529	0.2588065
300	0.000512743459234078	0.000262006273125106	0.00026857990721785	0.2493976	0.247178	0.2441913	0.2592329
310	0.000544672539113123	0.000281727175403339	0.000236650827338805	0.2499292	0.2458009	0.2442499	0.2600196
320	0.000518378002742145	0.000270458088387206	0.000296752624758184	0.2495227	0.2458369	0.2432952	0.2613449
330	0.00055875889788329	0.00026012809195575	0.000266701726048495	0.2513913	0.2452098	0.2422836	0.2611155
340	0.000507108915726011	0.000254493548447683	0.000266701726048495	0.252021	0.2436154	0.2429875	0.2613762
350	0.000533403452096989	0.000280788084818662	0.00026012809195575	0.2521121	0.2437104	0.2427674	0.26141
360	0.000539977086189734	0.000254493548447683	0.00026857990721785	0.2525347	0.2434835	0.2404226	0.263559
370	0.000497718009879233	0.000223503559153316	0.00026012809195575	0.252709	0.2427458	0.2407153	0.26383
380	0.000506169825141333	0.000286422628326728	0.000247919914354939	0.2540041	0.2419258	0.2400115	0.2640588
390	0.000543733448528445	0.000257310820201717	0.000258249910786394	0.2550998	0.2413442	0.2394503	0.2641058
400	0.000562515260222001	0.000293935353004151	0.000285483537742051	0.2550575	0.2415343	0.2395163	0.263892
410	0.000527768908588922	0.000262006273125106	0.000284544447157373	0.2561107	0.2405647	0.2389005	0.264424
420	0.000536220723851023	0.000252615367278328	0.000254493548447683	0.2564911	0.2405347	0.2382202	0.2647544
430	0.000508048006310689	0.000257310820201717	0.000262006273125106	0.2571593	0.2405469	0.2376082	0.2646856
440	0.000546550720282478	0.000267640816633172	0.000262945363709783	0.257789	0.2394388	0.2373502	0.2654218
450	0.000569088894314746	0.000296752624758184	0.00027703172247995	0.2571159	0.2392339	0.2374632	0.266187
460	0.000632007963488158	0.000304265349435607	0.000314595345867062	0.2577024	0.2384659	0.2374634	0.2663686
470	0.00060571342711718	0.000292996262419473	0.000304265349435607	0.2588244	0.2380489	0.2368082	0.2663188
480	0.000480814379355033	0.000224442649737994	0.000277970813064628	0.2587086	0.2387744	0.2368496	0.2656673
490	0.0005033525533873	0.000169975395826681	0.000266701726048495	0.2592837	0.2376863	0.2356072	0.2674229
500	5.82236162500235e-05	0	0.00013241177243957	0.259925666666667	0.2380505	0.236682833333333	0.265341
