Distance from Center (cmd=annotatePeaks.pl /home/ec2-user/atac_analysis_gorkin/heatmaps/new_figure/motif_density_plots/W281P-R1_peaks.narrowPeak hg38 -m AP-1_motif.txt -hist 10 -size 1000)	AP-1(bZIP)/ThioMac-PU.1-ChIP-Seq(GSE21512)/Homer total sites	AP-1(bZIP)/ThioMac-PU.1-ChIP-Seq(GSE21512)/Homer + sites	AP-1(bZIP)/ThioMac-PU.1-ChIP-Seq(GSE21512)/Homer - sites	A frequency	C frequency	G frequency	T frequency
-500	3.13169767373582e-05	0.000129182529041603	0	0.2701488	0.2333004	0.2343682	0.2621826
-490	0.000474647928675585	0.000229005392391932	0.000150712950548536	0.269347	0.2333754	0.2353382	0.2619393
-480	0.00052064473825858	0.000262279680175375	0.000246621191806696	0.2689716	0.2336135	0.2361212	0.2612938
-470	0.000518687427212496	0.000269130268836672	0.000259343713606248	0.2691765	0.2347633	0.2354815	0.2605784
-460	0.000573492136502872	0.000293596656912733	0.000273044890928842	0.2688208	0.2343314	0.235858	0.2609901
-450	0.000527495326919877	0.000261301024652333	0.000279895479590139	0.2685175	0.2346749	0.2359098	0.2608978
-440	0.000540217848719429	0.000284788757205351	0.000252493124944951	0.268137	0.2342166	0.2360689	0.2615776
-430	0.000588171969348509	0.000298489934527946	0.000280874135113182	0.2666535	0.2356025	0.2367996	0.2609439
-420	0.000605787768763273	0.000301425901097073	0.000305340523189243	0.2672442	0.2357608	0.2376847	0.2593105
-410	0.000504007594366859	0.000248578502852781	0.000287724723774479	0.2670466	0.2364035	0.2375337	0.259016
-400	0.000514772805120326	0.000242706569714526	0.000240749258668441	0.2676381	0.2363467	0.2376006	0.2584147
-390	0.000493242383613392	0.000257386402560163	0.000261301024652333	0.2668839	0.2362053	0.238444	0.2584666
-380	0.000513794149597283	0.000239770603145399	0.00025640774703712	0.2655429	0.2378191	0.2394575	0.2571805
-370	0.000534345915581175	0.000275980857497969	0.000244663880760611	0.2660882	0.2372484	0.2398441	0.2568196
-360	0.000534345915581175	0.000271087579882757	0.000261301024652333	0.2650041	0.238497	0.2410036	0.2554951
-350	0.00052847398244292	0.000280874135113182	0.000267172957790587	0.2642664	0.239225	0.2405592	0.2559495
-340	0.000515751460643368	0.000266194302267545	0.000274023546451884	0.2644579	0.2400687	0.241389	0.2540845
-330	0.000548047092903769	0.000255429091514078	0.000249557158375823	0.2637044	0.2401854	0.2418179	0.2542925
-320	0.000543153815288557	0.000274023546451884	0.00026815161331363	0.2629538	0.2417805	0.2418276	0.2534382
-310	0.000498135661228604	0.000253471780467993	0.000271087579882757	0.2628988	0.2418619	0.2427222	0.2525168
-300	0.000575449447548957	0.000271087579882757	0.0002720662354058	0.2609868	0.2428294	0.2438309	0.2523529
-290	0.000508900871982071	0.000266194302267545	0.000249557158375823	0.2609585	0.2431383	0.2444606	0.2514426
-280	0.000546089781857684	0.000298489934527946	0.000246621191806696	0.2596509	0.2430431	0.2462314	0.2510746
-270	0.000523580704827708	0.000273044890928842	0.000288703379297521	0.2596683	0.2442388	0.2455988	0.250494
-260	0.000577406758595042	0.000278916824067097	0.000287724723774479	0.2587659	0.243775	0.2472527	0.2502065
-250	0.000548047092903769	0.00026815161331363	0.000282831446159266	0.2588463	0.2446864	0.2482592	0.2482081
-240	0.00057251348097983	0.000285767412728394	0.000252493124944951	0.2569029	0.2460126	0.2482014	0.2488831
-230	0.000546089781857684	0.000290660690343606	0.000293596656912733	0.2555443	0.2469661	0.2486269	0.2488625
-220	0.000556854992611151	0.000277938168544054	0.000265215646744502	0.2547582	0.248356	0.2507202	0.2461654
-210	0.000635147434454546	0.000339593466495728	0.000294575312435776	0.2536872	0.2489156	0.2519706	0.2454263
-200	0.000641019367592801	0.0003043618676662	0.000320020356034879	0.2525688	0.2510609	0.2525343	0.243836
-190	0.000565662892318533	0.0002720662354058	0.000301425901097073	0.2499248	0.2526423	0.2547507	0.2426822
-180	0.000589150624871552	0.000306319178712285	0.000278916824067097	0.2484839	0.2541393	0.2549673	0.2424095
-170	0.00062046760160891	0.000307297834235328	0.000299468590050988	0.2478865	0.254834	0.2566243	0.2406556
-160	0.000569577514410703	0.00030044724557403	0.000310233800804455	0.2457688	0.2559583	0.2580313	0.2402419
-150	0.000673314999853202	0.000334700188880516	0.00030827648975837	0.244973	0.2562553	0.258957	0.2398148
-140	0.000653741889392353	0.000332742877834431	0.000332742877834431	0.2439743	0.2572737	0.2597467	0.2390053
-130	0.000667443066714947	0.00031219111185054	0.000317084389465752	0.2424822	0.2588266	0.2612192	0.2374721
-120	0.000693866765837093	0.000366017165617874	0.00034840136620311	0.2427451	0.259465	0.2605933	0.2371964
-110	0.000675272310899287	0.000337636155449643	0.000355251954864407	0.2410113	0.2606821	0.262806	0.2355003
-100	0.00075258609721964	0.000399291453401317	0.00034840136620311	0.239841	0.2614266	0.2639564	0.2347761
-90	0.000772159207680488	0.000364059854571789	0.000398312797878275	0.2376936	0.2627726	0.2653242	0.2342101
-80	0.000703653321067517	0.000355251954864407	0.000357209265910492	0.2366939	0.2626743	0.2662767	0.2343552
-70	0.000759436685880937	0.000381675653986553	0.000375803720848299	0.2347927	0.2652829	0.2673144	0.2326099
-60	0.000823049294878696	0.000430608430138676	0.000374825065325256	0.233591	0.2669347	0.2675489	0.2319252
-50	0.000830878539063035	0.000403206075493487	0.000429629774615633	0.2327247	0.2674744	0.2686976	0.2311031
-40	0.00078488172948004	0.000393419520263063	0.000418864563862166	0.2306049	0.2681787	0.2698974	0.2313192
-30	0.000848494338477799	0.000449202885076482	0.000387547587124808	0.2306333	0.2686683	0.2709625	0.2297357
-20	0.000886661903876455	0.000418864563862166	0.000457032129260821	0.2292314	0.2709677	0.2701251	0.229676
-10	0.000849472994000842	0.000460946751352991	0.000408099353108699	0.2277974	0.272086	0.2711472	0.2289695
0	0.000896448459106879	0.000409078008631742	0.000451160196122567	0.2278826	0.271572	0.2727922	0.2277529
10	0.000822070639355653	0.000422779185954336	0.000420821874908251	0.2288254	0.2706398	0.2717986	0.2287361
20	0.000866110137892563	0.000447245574030397	0.000445288262984312	0.2296837	0.2704829	0.2704262	0.229407
30	0.00088470459283037	0.000413971286246954	0.000441373640892142	0.2298857	0.2700809	0.2682632	0.2317701
40	0.000852408960569969	0.000417885908339124	0.000410056664154784	0.2302606	0.2688155	0.2695687	0.2313553
50	0.00078488172948004	0.00040027010892436	0.00043256574118476	0.2314761	0.2681453	0.2680376	0.2323412
60	0.000819134672786526	0.000405163386539572	0.000382654309509596	0.2317791	0.2665562	0.2673499	0.234315
70	0.000673314999853202	0.000322956322604007	0.000371889098756129	0.2327412	0.2662934	0.2652417	0.2357235
80	0.000764329963496149	0.000395376831309148	0.000362102543525704	0.2325307	0.2650375	0.2648179	0.2376141
90	0.000747692819604427	0.000357209265910492	0.000367974476663959	0.2337577	0.2639203	0.2641389	0.2381829
100	0.00074867147512747	0.000405163386539572	0.000370910443233086	0.2348859	0.2632827	0.2617631	0.2400686
110	0.000733991642281833	0.000341550777541813	0.000376782376371341	0.236177	0.262079	0.2598726	0.2418715
120	0.000715397187344027	0.000364059854571789	0.000373846409802214	0.2369419	0.2607035	0.2598198	0.2425346
130	0.00065667785596148	0.000314148422896625	0.000351337332772238	0.237716	0.2599934	0.2577036	0.2445869
140	0.000626339534747164	0.000318063044988794	0.00030827648975837	0.2382722	0.2586142	0.2580098	0.245104
150	0.000641019367592801	0.000301425901097073	0.00030827648975837	0.2384362	0.2589566	0.2570472	0.2455601
160	0.00062438222370108	0.000338614810972686	0.00030827648975837	0.2401967	0.2576663	0.2559839	0.2461531
170	0.000670379033284074	0.000331764222311389	0.000341550777541813	0.241046	0.2558611	0.2549291	0.2481642
180	0.000645912645208013	0.00031610573394271	0.000332742877834431	0.2414873	0.2546259	0.2549319	0.2489546
190	0.000629275501316292	0.000311212456327497	0.00030044724557403	0.243116	0.2544699	0.2519801	0.2504343
200	0.000648848611777141	0.000285767412728394	0.000320020356034879	0.2443767	0.2525829	0.2515017	0.2515392
210	0.000560769614703321	0.000306319178712285	0.00031219111185054	0.2450901	0.2506592	0.2497606	0.25449
220	0.00061655297951674	0.000298489934527946	0.000309255145281412	0.2471795	0.2491485	0.2487698	0.254902
230	0.000545111126334641	0.00026815161331363	0.000289682034820564	0.2474026	0.2495942	0.2471259	0.2558774
240	0.000510858183028156	0.000282831446159266	0.000244663880760611	0.2476818	0.2481381	0.2467823	0.2573979
250	0.000531409949012047	0.00026032236912929	0.000263258335698418	0.249393	0.2463967	0.2460347	0.2581759
260	0.000504007594366859	0.000243685225237569	0.000255429091514078	0.2491062	0.2462291	0.2451922	0.2594725
270	0.000556854992611151	0.000283810101682309	0.000267172957790587	0.2491389	0.2459948	0.2453531	0.2595131
280	0.000526516671396835	0.000278916824067097	0.000271087579882757	0.2503277	0.2440589	0.2454031	0.2602105
290	0.000587193313825467	0.000266194302267545	0.000265215646744502	0.2507782	0.2444994	0.2433387	0.2613838
300	0.000496178350182519	0.000266194302267545	0.000274023546451884	0.2518679	0.2430269	0.242816	0.2622893
310	0.000567620203364618	0.000273044890928842	0.000251514469421908	0.2526566	0.2434331	0.2414798	0.2624304
320	0.00052455936035075	0.000258365058083205	0.000290660690343606	0.2528263	0.2427876	0.242035	0.2623512
330	0.000540217848719429	0.000307297834235328	0.000247599847329738	0.2534807	0.2416671	0.241047	0.2638051
340	0.000591107935917636	0.000270108924359715	0.00030044724557403	0.2544186	0.2412492	0.2410256	0.2633067
350	0.000557833648134193	0.000280874135113182	0.000261301024652333	0.2548384	0.2413767	0.2394394	0.2643455
360	0.000577406758595042	0.000287724723774479	0.000288703379297521	0.2556498	0.2412827	0.2382817	0.2647862
370	0.000530431293489005	0.000270108924359715	0.000282831446159266	0.2555584	0.2403143	0.2386994	0.2654277
380	0.000544132470811599	0.000274023546451884	0.000285767412728394	0.257863	0.2378225	0.2381256	0.266189
390	0.000504986249889901	0.000230962703438017	0.000258365058083205	0.2573381	0.2386625	0.2373348	0.2666646
400	0.00047660523972167	0.000240749258668441	0.000213346904023253	0.2579895	0.2381874	0.2368443	0.2669786
410	0.000521623393781623	0.000263258335698418	0.000251514469421908	0.259106	0.2383082	0.2355466	0.2670397
420	0.00052847398244292	0.000279895479590139	0.000275980857497969	0.259516	0.2382865	0.236092	0.2661054
430	0.000502050283320774	0.000281852790636224	0.000252493124944951	0.2592795	0.2359712	0.2367533	0.267996
440	0.000607745079809358	0.000278916824067097	0.000292618001389691	0.2599877	0.2363471	0.2351933	0.2684718
450	0.000526516671396835	0.000246621191806696	0.000262279680175375	0.2601946	0.2362747	0.2349325	0.2685982
460	0.000493242383613392	0.000262279680175375	0.000261301024652333	0.2608308	0.2357033	0.2344169	0.2690488
470	0.000561748270226363	0.00026815161331363	0.000262279680175375	0.2618825	0.2360347	0.2339707	0.2681119
480	0.000521623393781623	0.00026423699122146	0.000279895479590139	0.2608386	0.2356924	0.2341168	0.2693523
490	0.00056859885888766	0.000200624382223701	0.000279895479590139	0.2613929	0.235916	0.2328905	0.2698004
500	8.71003415507775e-05	0	0.000171264716532428	0.261105333333333	0.2357895	0.232478666666667	0.270626666666667
