Distance from Center (cmd=annotatePeaks.pl /home/ec2-user/atac_analysis_gorkin/heatmaps/new_figure/motif_density_plots/I315I-R2_peaks.narrowPeak hg38 -m CTCF_motif.txt -hist 10 -size 500)	CTCF(Zf)/CD4+-CTCF-ChIP-Seq(Barski_et_al.)/Homer total sites	CTCF(Zf)/CD4+-CTCF-ChIP-Seq(Barski_et_al.)/Homer + sites	CTCF(Zf)/CD4+-CTCF-ChIP-Seq(Barski_et_al.)/Homer - sites	A frequency	C frequency	G frequency	T frequency
-250	0	1.34466437177281e-05	0	0.2651234	0.2378652	0.2380228	0.2589886
-240	3.15996127366609e-05	3.49612736660929e-05	0	0.2639015	0.238125	0.2381505	0.2598228
-230	7.73182013769363e-05	3.69782702237522e-05	1.81529690189329e-05	0.2634315	0.2390555	0.2398039	0.2577093
-220	9.27818416523236e-05	3.69782702237522e-05	4.23569277108434e-05	0.2633191	0.2395087	0.2407815	0.2563905
-210	0.000103539156626506	3.69782702237522e-05	5.58035714285714e-05	0.2612779	0.2398743	0.2423601	0.2564874
-200	0.000103539156626506	4.77355851979346e-05	6.65608864027539e-05	0.2601237	0.2407056	0.2436722	0.2554985
-190	0.00011967512908778	4.70632530120482e-05	6.65608864027539e-05	0.258039	0.2423464	0.2452478	0.2543666
-180	9.47988382099828e-05	4.70632530120482e-05	7.19395438898451e-05	0.2580543	0.2433136	0.2454656	0.2531665
-170	0.000101522160068847	5.04249139414802e-05	4.77355851979346e-05	0.2561756	0.2441446	0.2468013	0.2528783
-160	0.000110934810671256	4.90802495697074e-05	5.44589070567986e-05	0.2556941	0.2454364	0.2467038	0.2521654
-150	0.000119002796901893	4.30292598967298e-05	6.05098967297762e-05	0.2551246	0.2462088	0.2477472	0.2509196
-140	0.000123709122203098	5.5131239242685e-05	6.99225473321859e-05	0.2543823	0.2472904	0.2484211	0.249906
-130	0.000143206755593804	7.53012048192771e-05	8.06798623063683e-05	0.2532274	0.2480439	0.2493303	0.2493982
-120	0.00018690834767642	7.86628657487091e-05	8.80755163511188e-05	0.2523243	0.2482918	0.2509815	0.2484022
-110	0.000202371987951807	9.21095094664372e-05	0.000111607142857143	0.2504658	0.2501566	0.2504817	0.2488959
-100	0.000221869621342513	0.00011026247848537	0.000123709122203098	0.249609	0.2509823	0.251531	0.2478777
-90	0.000260192555938038	0.000110934810671256	0.000129760111876076	0.2492146	0.2517876	0.2524408	0.2465569
-80	0.000266915877796902	0.000106228485370052	0.000149930077452668	0.2485255	0.2529432	0.2537878	0.2447435
-70	0.000262881884681583	0.000112951807228916	0.000155981067125645	0.2463873	0.2545473	0.2543124	0.244753
-60	0.000279017857142857	0.000155308734939759	0.000156653399311532	0.2450573	0.2546223	0.2553952	0.2449253
-50	0.000387263339070568	0.000176823364888124	0.000166066049913941	0.244077	0.2557116	0.2555822	0.2446291
-40	0.000489457831325301	0.000222541953528399	0.000231954604130809	0.2438209	0.2559992	0.2564882	0.2436917
-30	0.000597030981067126	0.000336838425129088	0.000312634466437177	0.2425979	0.2555347	0.2570802	0.2447875
-20	0.000832347246127367	0.000557363382099828	0.000374489027538726	0.2429798	0.2563495	0.2570173	0.2436531
-10	0.00125053786574871	0.000693174483648881	0.000495508820998279	0.2426104	0.2578173	0.2581189	0.2414534
0	0.00141324225473322	0.000648128227194492	0.000693174483648881	0.2418625	0.2574122	0.2582162	0.242509
10	0.00114834337349398	0.000442394578313253	0.000720067771084337	0.2420518	0.2576175	0.2580095	0.2423212
20	0.000741582401032702	0.000332804432013769	0.000500215146299484	0.2426087	0.2564241	0.2575515	0.2434156
30	0.000537865748709122	0.000284396514629948	0.000299187822719449	0.2426081	0.2571757	0.2563643	0.243852
40	0.000430292598967298	0.000175478700516351	0.000205061316695353	0.2435173	0.2566963	0.2556478	0.2441388
50	0.000318685456110155	0.000167410714285714	0.000145896084337349	0.2445954	0.2557192	0.2555333	0.2441523
60	0.000286413511187608	0.000155308734939759	0.000143206755593804	0.2445745	0.2552469	0.2545036	0.2456749
70	0.000264898881239243	0.000175478700516351	0.000119002796901893	0.2447321	0.2533393	0.2555831	0.2463455
80	0.000273639199655766	0.000145223752151463	0.000109590146299484	0.2455416	0.2532307	0.2535736	0.247654
90	0.000247418244406196	0.000149930077452668	9.81604991394148e-05	0.2460183	0.2530179	0.2517289	0.2492347
100	0.000252796901893287	0.000124381454388985	0.000102194492254733	0.246968	0.2519709	0.2506359	0.2504251
110	0.000207078313253012	9.6815834767642e-05	0.00010286682444062	0.2475442	0.2501766	0.2510132	0.2512657
120	0.000155308734939759	9.07648450946644e-05	8.26968588640275e-05	0.2491647	0.2491465	0.2497976	0.2518915
130	0.000154636402753873	7.05948795180723e-05	5.8492900172117e-05	0.2495345	0.2489606	0.248081	0.2534241
140	0.000121019793459552	6.72332185886403e-05	6.38715576592083e-05	0.2495255	0.2481504	0.2472628	0.2550613
150	0.000123709122203098	7.39565404475043e-05	5.04249139414802e-05	0.2498975	0.2474004	0.2473593	0.2553429
160	0.000121692125645439	7.46288726333907e-05	5.64759036144578e-05	0.2516232	0.2465668	0.2459317	0.2558783
170	0.000112951807228916	5.78205679862306e-05	4.77355851979346e-05	0.2521706	0.2458596	0.2450954	0.2568745
180	9.61435025817556e-05	8.53861876075732e-05	3.8322934595525e-05	0.2526527	0.2447999	0.2451796	0.2573679
190	0.000122364457831325	7.05948795180723e-05	3.8322934595525e-05	0.2540923	0.2437962	0.2437046	0.2584064
200	0.000116313468158348	4.57185886402754e-05	3.69782702237522e-05	0.2542163	0.2436361	0.2418078	0.2603399
210	7.73182013769363e-05	3.29442771084337e-05	4.57185886402754e-05	0.2558676	0.2407975	0.2411861	0.2621488
220	6.1854561101549e-05	4.57185886402754e-05	3.15996127366609e-05	0.2567547	0.2396426	0.2400479	0.263555
230	7.26118760757315e-05	2.95826161790017e-05	2.89102839931153e-05	0.2582207	0.2394722	0.2389375	0.2633697
240	4.8407917383821e-05	0	2.68932874354561e-05	0.258038	0.2380632	0.2387723	0.2651261
250	0	0	1.88253012048193e-05	0.2593065	0.237749833333333	0.237446666666667	0.2654965
