Distance from Center (cmd=annotatePeaks.pl /home/ec2-user/atac_analysis_gorkin/heatmaps/new_figure/motif_density_plots/I315R-R1_peaks.narrowPeak hg38 -m CTCF_motif.txt -hist 10 -size 500)	CTCF(Zf)/CD4+-CTCF-ChIP-Seq(Barski_et_al.)/Homer total sites	CTCF(Zf)/CD4+-CTCF-ChIP-Seq(Barski_et_al.)/Homer + sites	CTCF(Zf)/CD4+-CTCF-ChIP-Seq(Barski_et_al.)/Homer - sites	A frequency	C frequency	G frequency	T frequency
-250	0	1.60410651267244e-05	0	0.2569602	0.245625	0.2491298	0.2482848
-240	3.9211492531993e-05	3.56468113927209e-05	0	0.2565685	0.246947	0.2477016	0.248783
-230	8.91170284818023e-05	5.70348982283535e-05	2.31704274052686e-05	0.2557093	0.2482517	0.2488609	0.2471781
-220	0.000115852137026343	5.97084090828075e-05	5.34702170890814e-05	0.2554093	0.2480628	0.2505269	0.2460007
-210	0.000114960966741525	5.52525576587174e-05	5.88172387979895e-05	0.2534893	0.2501724	0.2517415	0.2445968
-200	0.000122090329020069	4.81231953801732e-05	5.52525576587174e-05	0.2505664	0.2508647	0.2546003	0.2439689
-190	0.000109613945032617	4.90143656649913e-05	6.68377713613517e-05	0.2487421	0.253163	0.2552294	0.2428657
-180	0.000109613945032617	6.59466010765337e-05	6.14907496524436e-05	0.2482793	0.2538371	0.2569726	0.2409113
-170	0.000122090329020069	5.88172387979895e-05	6.05995793676256e-05	0.2465097	0.2549173	0.2583084	0.2402645
-160	0.000126546180444159	6.50554307917157e-05	5.61437279435354e-05	0.2454365	0.2558098	0.2591768	0.2395771
-150	0.000141696075286066	4.54496845257192e-05	6.77289416461698e-05	0.2444952	0.2564187	0.2609955	0.2380909
-140	0.000141696075286066	4.90143656649913e-05	7.664064449435e-05	0.2437039	0.2581199	0.2607669	0.2374094
-130	0.00014436958614052	9.00081987666203e-05	9.62463907603465e-05	0.2423973	0.2586415	0.2622218	0.2367397
-120	0.000212098527786689	9.17905393362564e-05	9.53552204755285e-05	0.2413737	0.2604116	0.2631122	0.2351026
-110	0.000249527679749046	0.000117634477595979	0.000122090329020069	0.2398546	0.2611734	0.2643814	0.2345908
-100	0.000286065661426585	0.000133675542722703	0.00015773714041279	0.237932	0.2629035	0.2651236	0.2340409
-90	0.000326168324243396	0.000121199158735251	0.000168431183830606	0.2365259	0.2642111	0.2668788	0.2323847
-80	0.000310127259116672	0.000122090329020069	0.000192492781520693	0.2347012	0.2654176	0.2676682	0.2322132
-70	0.000327059494528214	0.000136349053577158	0.000188928100381421	0.233059	0.2672662	0.2683227	0.2313524
-60	0.000349338751648665	0.00015773714041279	0.000204969165508145	0.2324301	0.2681701	0.2682772	0.2311226
-50	0.000420632374434107	0.000222792571204506	0.000212989698071508	0.2306637	0.2687676	0.2701136	0.2304556
-40	0.000627383880511888	0.000309236088831854	0.000262895234021317	0.2301359	0.2704359	0.2710589	0.2283693
-30	0.00084304708943785	0.00044647631269383	0.000404591309307382	0.2288202	0.2707564	0.2723094	0.2281139
-20	0.00119238584108651	0.000821659002602217	0.000533811000605996	0.2278361	0.2733124	0.271595	0.2272566
-10	0.00187947813068121	0.0011620860514027	0.000745909528392685	0.2275869	0.2731542	0.2732534	0.2260053
0	0.00222168752005133	0.000925034755641108	0.00105781912807899	0.2257813	0.2741545	0.2733471	0.2267171
10	0.00164866502691334	0.000637186753644886	0.00105960146864863	0.2264485	0.2728211	0.2735551	0.2271753
20	0.00105247210637009	0.000539158022314904	0.000723630271272235	0.2278327	0.2715923	0.2724638	0.2281112
30	0.000827006024311125	0.000373400349338752	0.000415285352725199	0.22864	0.2707814	0.2702831	0.2302956
40	0.000552525576587174	0.000214772038641144	0.000287848001996221	0.2283648	0.271033	0.2706598	0.2299421
50	0.000364488646490571	0.000204969165508145	0.000179125227248423	0.2298438	0.2687872	0.2690719	0.232297
60	0.000312800769971126	0.000174669375824333	0.000149716607849428	0.2299777	0.2687683	0.2682782	0.232976
70	0.000280718639717677	0.000197839803229601	0.000107831604462981	0.2309004	0.2677682	0.2662284	0.2351031
80	0.000347556411079029	0.000173778205539515	0.000106049263893345	0.2326025	0.2666616	0.266065	0.2346707
90	0.000292303853420312	0.000156845970127972	0.000149716607849428	0.2332079	0.2642307	0.2650638	0.2374973
100	0.000253983531173137	0.000147934267279792	0.000118525647880797	0.2337706	0.2644503	0.2632323	0.2385468
110	0.000259330552882045	0.000112287455887071	9.71375610451645e-05	0.2350092	0.2633162	0.2615122	0.2401623
120	0.000188036930096603	0.000121199158735251	0.000111396285602253	0.2364008	0.2615014	0.2611924	0.2409054
130	0.000192492781520693	9.71375610451645e-05	7.5749474209532e-05	0.2371635	0.2611301	0.2590633	0.2426433
140	0.000155954799843154	8.55523473425302e-05	7.12936227854418e-05	0.2378529	0.260026	0.2581283	0.2439928
150	0.000149716607849428	9.08993690514383e-05	5.88172387979895e-05	0.2386034	0.2589179	0.2572249	0.245254
160	0.00014882543756461	6.05995793676256e-05	6.41642605068977e-05	0.239783	0.2578606	0.2559667	0.2463893
170	0.000107831604462981	3.56468113927209e-05	5.79260685131715e-05	0.2403771	0.2563024	0.2557523	0.2475682
180	7.664064449435e-05	6.95112822158058e-05	4.72320250953552e-05	0.2412067	0.2559837	0.2539938	0.2488158
190	0.000114960966741525	6.50554307917157e-05	4.09938331016291e-05	0.2427562	0.2540983	0.2536482	0.2494973
200	0.000103375753038891	3.8320322247175e-05	4.54496845257192e-05	0.2439913	0.2530588	0.2517282	0.2512217
210	7.5749474209532e-05	5.25790468042634e-05	3.8320322247175e-05	0.2451829	0.2514478	0.2492196	0.2541495
220	9.26817096210744e-05	4.18850033864471e-05	3.7429151962357e-05	0.2459665	0.2494263	0.2489206	0.2556868
230	6.50554307917157e-05	3.38644708230849e-05	4.0102662816811e-05	0.2470374	0.2499407	0.2472105	0.2558111
240	5.43613873738994e-05	0	2.31704274052686e-05	0.2470636	0.2492453	0.2469921	0.2566992
250	0	0	2.04969165508145e-05	0.249060666666667	0.247867166666667	0.245353	0.257719166666667
