Distance from Center (cmd=annotatePeaks.pl /home/ec2-user/atac_analysis_gorkin/heatmaps/new_figure/motif_density_plots/WT281-R2_peaks.narrowPeak hg38 -m CTCF_motif.txt -hist 10 -size 500)	CTCF(Zf)/CD4+-CTCF-ChIP-Seq(Barski_et_al.)/Homer total sites	CTCF(Zf)/CD4+-CTCF-ChIP-Seq(Barski_et_al.)/Homer + sites	CTCF(Zf)/CD4+-CTCF-ChIP-Seq(Barski_et_al.)/Homer - sites	A frequency	C frequency	G frequency	T frequency
-250	0	1.73338041280134e-05	0	0.2675584	0.2340366	0.2366576	0.2617474
-240	3.72355792379546e-05	3.01736590376529e-05	0	0.2662193	0.2356461	0.2369071	0.2612277
-230	6.03473180753057e-05	5.00754341475941e-05	1.99017751099413e-05	0.2651704	0.2363204	0.2378433	0.260666
-220	8.85949988765127e-05	4.17295284563284e-05	3.01736590376529e-05	0.2640487	0.2375702	0.2392754	0.259106
-210	9.05209771129586e-05	2.6963695310243e-05	3.85195647289186e-05	0.2632194	0.2390389	0.2394158	0.258326
-200	7.9607100439765e-05	3.53096010015087e-05	4.87914486566302e-05	0.2619138	0.2390585	0.2417608	0.257267
-190	9.05209771129586e-05	2.6963695310243e-05	5.2643405129522e-05	0.2607146	0.2408666	0.2424261	0.2559925
-180	7.89651076942831e-05	4.87914486566302e-05	5.52113761114499e-05	0.2598788	0.2420241	0.2427675	0.2553296
-170	0.000108496773986454	4.17295284563284e-05	5.20014123840401e-05	0.2588196	0.2424247	0.2437882	0.2549675
-160	0.000102718839277116	3.59515937469907e-05	5.97053253298238e-05	0.2577693	0.2437764	0.2447232	0.2537308
-150	0.000107854781240972	5.77793470933778e-05	6.09893108207877e-05	0.2575032	0.2442797	0.2449137	0.2533033
-140	0.000139312425769589	5.4569383365968e-05	7.19031874939813e-05	0.2570453	0.244805	0.2460293	0.2521206
-130	0.000138028440278625	7.25451802394633e-05	8.1533078676211e-05	0.2554794	0.2449643	0.2468834	0.2526729
-120	0.000159856193625012	7.19031874939813e-05	8.34590569126569e-05	0.2541501	0.2475637	0.2467346	0.2515516
-110	0.000195165794626521	0.000104644817513562	8.73110133855487e-05	0.2537116	0.2480776	0.2479046	0.2503064
-100	0.000249735177992489	0.000111706737713864	0.000123262607132539	0.2525688	0.2485482	0.2484878	0.2503952
-90	0.000265143003884056	8.85949988765127e-05	0.000145090360478927	0.2510023	0.2498699	0.2497334	0.2493943
-80	0.000247809199756043	0.000105286810259044	0.000153436266170192	0.2494272	0.2499879	0.2512305	0.2493541
-70	0.00026963695310243	0.000107854781240972	0.00015921420087953	0.249561	0.2516871	0.2511406	0.2476114
-60	0.000283760793503033	0.000131608512823805	0.000164350142843386	0.248765	0.2518365	0.2523984	0.2470004
-50	0.000352454017269605	0.000177189997753025	0.000175906012262061	0.2470127	0.2523345	0.2529713	0.2476813
-40	0.000466728725965397	0.000206721664045196	0.0002208455044458	0.2469745	0.2524499	0.2546574	0.245918
-30	0.000523224087567811	0.00031521843803165	0.000289538728212371	0.246711	0.2532099	0.2534043	0.246675
-20	0.000783873142233493	0.000537989920713896	0.000316502423522614	0.2459882	0.2543277	0.2535211	0.246163
-10	0.00118832857188714	0.000651622636664206	0.000468654704201842	0.2456699	0.255361	0.253974	0.2449951
0	0.00131929509196546	0.000560459666805765	0.000650338651173242	0.2450563	0.2545733	0.254623	0.2457476
10	0.00101113857413411	0.000430135139472924	0.000667672455301255	0.2451662	0.2548735	0.2550413	0.2449188
20	0.00070490803453921	0.000345392097069303	0.000450678907328347	0.2457471	0.2542717	0.2543002	0.2456809
30	0.000561101659551247	0.000273488909575322	0.000274772895066286	0.2456333	0.254026	0.2537133	0.2466274
40	0.000433987095945816	0.000195165794626521	0.000215709562481944	0.24581	0.2540989	0.2533424	0.2467491
50	0.000320996372740988	0.000148300324206336	0.000160498186370494	0.2472763	0.2526125	0.2526548	0.2474561
60	0.000251661156228935	0.00015600423715212	0.000125830578114467	0.2465471	0.2531166	0.2518705	0.248466
70	0.000252303148974417	0.000148942316951818	0.000103360832022598	0.2474112	0.2514918	0.2518762	0.2492208
80	0.000279908837030142	0.000144448367733445	9.62989118222964e-05	0.2488665	0.25039	0.2504608	0.2502826
90	0.000244599236028633	0.000136744454787661	0.000130966520078323	0.2494622	0.2488749	0.2499644	0.2516986
100	0.00022405546817321	0.000121336628896093	0.000100150868295188	0.2505231	0.2471353	0.2497714	0.2525702
110	0.000188103874426219	0.00010400282476808	8.73110133855487e-05	0.250532	0.2476248	0.2473121	0.2545308
120	0.000170770070298206	8.60270278945848e-05	6.67672455301255e-05	0.2505014	0.2474755	0.2471501	0.2548728
130	0.000140596411260553	9.43729335858505e-05	6.67672455301255e-05	0.2516961	0.2460711	0.2466825	0.2555501
140	0.000143164382242481	6.99772092575354e-05	5.4569383365968e-05	0.2527109	0.2453419	0.2453142	0.256633
150	0.000121978621641575	6.61252527846435e-05	4.87914486566302e-05	0.2527549	0.2442591	0.2452861	0.2577001
160	0.000102076846531634	4.10875357108465e-05	5.20014123840401e-05	0.25377	0.2438629	0.2441741	0.2581929
170	7.44711584759092e-05	5.07174268930761e-05	3.59515937469907e-05	0.2551428	0.2436115	0.2428303	0.2584154
180	9.95088755497063e-05	4.55814849292203e-05	3.33836227650628e-05	0.2551293	0.2425131	0.2429126	0.2594452
190	8.0891085930729e-05	5.4569383365968e-05	4.87914486566302e-05	0.2558559	0.2412287	0.2418042	0.261111
200	9.56569190768144e-05	5.4569383365968e-05	3.53096010015087e-05	0.2564911	0.2398626	0.241199	0.2624474
210	9.37309408403685e-05	3.98035502198825e-05	4.10875357108465e-05	0.2585066	0.2388644	0.2386923	0.2639366
220	6.86932237665714e-05	4.10875357108465e-05	3.91615574744005e-05	0.2582489	0.2379721	0.2390449	0.2647339
230	7.06192020030174e-05	3.33836227650628e-05	2.88896735466889e-05	0.2603699	0.2370988	0.2371117	0.2654196
240	4.62234776747023e-05	0	2.95316662921709e-05	0.2601126	0.2365821	0.2367885	0.2665171
250	0	0	1.28398549096395e-05	0.261130333333333	0.235570666666667	0.236377333333333	0.2669215
