Distance from Center (cmd=annotatePeaks.pl /home/ec2-user/atac_analysis_gorkin/heatmaps/new_figure/motif_density_plots/I315X-R1_peaks.narrowPeak hg38 -m CTCF_motif.txt -hist 10 -size 500)	CTCF(Zf)/CD4+-CTCF-ChIP-Seq(Barski_et_al.)/Homer total sites	CTCF(Zf)/CD4+-CTCF-ChIP-Seq(Barski_et_al.)/Homer + sites	CTCF(Zf)/CD4+-CTCF-ChIP-Seq(Barski_et_al.)/Homer - sites	A frequency	C frequency	G frequency	T frequency
-250	0	1.28789911456936e-05	0	0.2544422	0.2503178	0.250307	0.2449328
-240	5.04427153206332e-05	4.40032197477864e-05	0	0.2533944	0.2504867	0.2511742	0.2449447
-230	9.98121813791253e-05	6.33217064663268e-05	3.75637241749396e-05	0.2518281	0.2509106	0.2534869	0.2437741
-220	0.000119130668097666	5.15159645827743e-05	5.58089616313389e-05	0.2504759	0.2513787	0.254566	0.2435794
-210	0.000111617923262678	4.40032197477864e-05	5.58089616313389e-05	0.2490871	0.2533384	0.2557244	0.2418497
-200	0.00011376442178696	6.76147035148913e-05	6.01019586799034e-05	0.2482677	0.2539969	0.2572787	0.2404568
-190	0.000139522404078347	6.33217064663268e-05	6.97612020391736e-05	0.2463061	0.2563671	0.2576635	0.2396636
-180	0.000124496914408371	6.33217064663268e-05	7.19077005634559e-05	0.2456771	0.2560489	0.2594793	0.2387947
-170	0.000142742151864771	6.65414542527502e-05	6.11752079420445e-05	0.2438512	0.2579343	0.2605829	0.2376316
-160	0.000148108398175476	6.76147035148913e-05	7.94204453984438e-05	0.2421904	0.2588014	0.2621392	0.2368687
-150	0.000164207137107593	8.58599409712906e-05	8.15669439227261e-05	0.2421172	0.2605183	0.2614573	0.2359071
-140	0.000172793131204722	5.15159645827743e-05	9.65924335927019e-05	0.2412049	0.2601922	0.2634528	0.2351499
-130	0.000158840890796888	8.26401931848672e-05	8.69331902334317e-05	0.2401368	0.2612572	0.2648341	0.2337718
-120	0.000247920579554602	0.000125570163670512	0.000107324926214113	0.2399147	0.2621236	0.2662662	0.2316953
-110	0.000317681781593775	0.000122350415884089	0.000165280386369734	0.2382249	0.2624066	0.2674505	0.2319181
-100	0.000319828280118057	0.000150254896699759	0.000192111617923263	0.2347278	0.2651184	0.2678645	0.2322892
-90	0.000327341024953045	0.000158840890796888	0.000197477864233968	0.2342705	0.2660091	0.2677334	0.2319869
-80	0.000346659511671586	0.000149181647437617	0.000177086128253287	0.2331884	0.2675698	0.2695664	0.2296753
-70	0.000347732760933727	0.000165280386369734	0.000187818620874698	0.2331282	0.2686745	0.2699707	0.2282261
-60	0.00040783471961363	0.000194258116447545	0.000198551113496109	0.229345	0.2710788	0.2717253	0.2278509
-50	0.000506573651730614	0.000262946069224577	0.000242554333243896	0.2284833	0.2718319	0.2721739	0.227511
-40	0.000722296753420982	0.000281191306680977	0.00031231553528307	0.2269936	0.2712304	0.2743373	0.2274389
-30	0.000840354172256507	0.000519452642876308	0.000459350684196405	0.2263386	0.2720751	0.2749641	0.2266223
-20	0.00126106788301583	0.000897236383149987	0.00055916286557553	0.224669	0.2745478	0.274275	0.2265081
-10	0.00202200160987389	0.00118701368392809	0.000741615240139522	0.222963	0.275899	0.2756567	0.2254812
0	0.00243949557284679	0.000972363831499866	0.00112476522672391	0.2249906	0.2748716	0.2767337	0.2234039
10	0.00176227528843574	0.000622484572041857	0.0012524818889187	0.2238213	0.2753008	0.2758291	0.2250486
20	0.00107861550845184	0.000522672390662731	0.000789911456935873	0.2266151	0.2744651	0.2735324	0.2253874
30	0.000811376442178696	0.000411054467400054	0.000456130936409981	0.226332	0.2750944	0.2722288	0.2263448
40	0.000638583310973974	0.000288704051515965	0.000288704051515965	0.2265903	0.2731217	0.2734034	0.2268848
50	0.000470083176817816	0.000242554333243896	0.00022752884357392	0.2262975	0.2730753	0.2719781	0.2286491
60	0.000405688221089348	0.000207137107593239	0.000181379125301851	0.2272539	0.2717866	0.2703226	0.2306369
70	0.000344513013147303	0.000214649852428226	0.000163133887845452	0.2284027	0.270101	0.2701549	0.2313414
80	0.000371344244700832	0.000202844110544674	0.000137375905554065	0.2284997	0.2699147	0.2685724	0.2330132
90	0.000352025757982291	0.000222162597263214	0.000156694392272605	0.2310424	0.2681594	0.2674375	0.2333606
100	0.000357392004292997	0.00017064663268044	0.000149181647437617	0.2314254	0.2666975	0.2663598	0.2355172
110	0.000300509793399517	0.000145961899651194	0.000135229407029783	0.2321762	0.2663264	0.2639931	0.2375042
120	0.000250067078078884	9.87389321169842e-05	0.000129863160719077	0.2326152	0.2660864	0.2627291	0.2385692
130	0.000179232626777569	0.000114837671049101	0.00010410517842769	0.233722	0.2649355	0.2614847	0.2398577
140	0.000181379125301851	9.12261872819963e-05	8.04936946605849e-05	0.2344804	0.262553	0.2611718	0.2417951
150	0.000139522404078347	8.04936946605849e-05	6.65414542527502e-05	0.2353785	0.2627023	0.2597345	0.2421844
160	0.000134156157767642	5.47357123691977e-05	4.8296216796351e-05	0.2351181	0.2614737	0.2591332	0.2442746
170	0.000109471424738395	6.01019586799034e-05	5.36624631070566e-05	0.2364286	0.2598274	0.2585311	0.2452129
180	0.000103031929165549	7.51274483498793e-05	5.47357123691977e-05	0.2376671	0.260219	0.2570815	0.2450324
190	0.000122350415884089	8.69331902334317e-05	4.29299704856453e-05	0.2389227	0.2593612	0.2550885	0.2466278
200	0.000148108398175476	6.97612020391736e-05	4.72229675342098e-05	0.2403422	0.2575255	0.2544438	0.2476883
210	0.000107324926214113	5.15159645827743e-05	6.11752079420445e-05	0.2419493	0.2548643	0.2533896	0.2497968
220	9.7665682854843e-05	6.22484572041857e-05	3.75637241749396e-05	0.2438868	0.2529776	0.2514726	0.251663
230	8.04936946605849e-05	3.75637241749396e-05	4.61497182720687e-05	0.24271	0.2526821	0.2515891	0.2530188
240	4.61497182720687e-05	0	1.82452374563992e-05	0.2445778	0.2511582	0.2497842	0.2544797
250	0	0	8.58599409712906e-06	0.245504333333333	0.251012166666667	0.248772666666667	0.254710666666667
