Distance from Center (cmd=annotatePeaks.pl /home/ec2-user/atac_analysis_gorkin/heatmaps/new_figure/motif_density_plots/W281P-R2_peaks.narrowPeak hg38 -m CTCF_motif.txt -hist 10 -size 500)	CTCF(Zf)/CD4+-CTCF-ChIP-Seq(Barski_et_al.)/Homer total sites	CTCF(Zf)/CD4+-CTCF-ChIP-Seq(Barski_et_al.)/Homer + sites	CTCF(Zf)/CD4+-CTCF-ChIP-Seq(Barski_et_al.)/Homer - sites	A frequency	C frequency	G frequency	T frequency
-250	0	2.47343632447362e-05	0	0.2567158	0.2477772	0.2494732	0.2460338
-240	4.53463326153497e-05	5.66829157691872e-05	0	0.2544869	0.2488472	0.2505569	0.2461092
-230	0.000104090445321598	3.60709463985737e-05	2.06119693706135e-05	0.2543133	0.2493597	0.2505548	0.2457724
-220	7.52336882027393e-05	5.25605218950645e-05	4.74075295524111e-05	0.2524989	0.2505863	0.2522769	0.244638
-210	0.000109243437664252	4.22545372097577e-05	3.91627418041657e-05	0.2497369	0.2518026	0.2543601	0.2441006
-200	9.48150591048222e-05	4.63769310838804e-05	5.66829157691872e-05	0.2492352	0.2528531	0.2553879	0.2425237
-190	0.000105121043790129	5.35911203635951e-05	5.25605218950645e-05	0.2469701	0.2539038	0.2572667	0.2418594
-180	0.00013706959631458	4.32851356782884e-05	5.87441127062485e-05	0.2457823	0.2555375	0.2575723	0.2411077
-170	0.000110274036132782	6.49277035174326e-05	8.34784759509847e-05	0.2460136	0.2565818	0.258155	0.2392495
-160	0.000123671816223681	6.18359081118405e-05	6.69889004544939e-05	0.2444608	0.2587658	0.258365	0.2384084
-150	0.000135008399377519	7.42030897342087e-05	5.87441127062485e-05	0.2421953	0.2591413	0.2607338	0.2379295
-140	0.000195813709020828	7.72948851398007e-05	7.3172491265678e-05	0.2423398	0.2586322	0.2622016	0.2368263
-130	0.000217456276859973	8.96620667621688e-05	0.00012161061928662	0.2404497	0.2608951	0.2623607	0.2362946
-120	0.000224670466139687	0.00012161061928662	0.000140161391720172	0.2389965	0.2616067	0.2636052	0.2357915
-110	0.000286506374251528	0.000109243437664252	0.000135008399377519	0.2390327	0.2627523	0.2637633	0.234452
-100	0.000276200389566221	0.000154589770279601	0.000164895754964908	0.2361479	0.264475	0.2657155	0.2336619
-90	0.000360709463985737	0.000146344982531356	0.000166956951901969	0.2353897	0.2656275	0.2666369	0.232346
-80	0.00035040347930043	0.000125733013160742	0.000206119693706135	0.2345801	0.266554	0.2672873	0.2315785
-70	0.00035143407776896	0.000156650967216663	0.000204058496769074	0.232945	0.2675715	0.2687592	0.2307245
-60	0.00039678041038431	0.00019787490595789	0.000225701064608218	0.2308586	0.2696412	0.2697569	0.229743
-50	0.000513238037328276	0.000246313033978832	0.000240129443167647	0.2302471	0.2704829	0.2709603	0.2283096
-40	0.000671950201482001	0.000310210139027733	0.000315363131370387	0.2288663	0.2705666	0.2718659	0.2287007
-30	0.000902804258432872	0.000480258886335295	0.000425637167503169	0.2286174	0.27089	0.272648	0.2278447
-20	0.00126557491935567	0.000862610918160176	0.000592594119405139	0.2275979	0.2720726	0.2727575	0.2275719
-10	0.00196947367336212	0.00110274036132782	0.000785316033020375	0.225209	0.2739752	0.2743625	0.2264536
0	0.00215188960229205	0.000996588719069163	0.00110686275520195	0.2261147	0.2730435	0.2747932	0.2260485
10	0.00178293535055807	0.000703898754006452	0.00104914924096423	0.2262345	0.2736033	0.273875	0.2262871
20	0.00114293370160052	0.000547247786789789	0.000786346631488906	0.2276713	0.2721863	0.2724248	0.2277178
30	0.000831692964104255	0.000407086395069617	0.000439034947594068	0.2280111	0.271772	0.2714508	0.228766
40	0.000622481474992528	0.000271047397223568	0.000284445177314467	0.2275969	0.2720479	0.2704448	0.2299104
50	0.000443157341468191	0.000236007049293525	0.000215395079922911	0.2296046	0.2699151	0.2698201	0.2306603
60	0.000373076645608105	0.000200966701363482	0.000172109944244623	0.2304382	0.2686467	0.2696897	0.2312252
70	0.000362770660922798	0.000222609269202626	0.00013706959631458	0.2298412	0.2686838	0.2679846	0.2334903
80	0.000335975100741	0.000201997299832012	0.000161803959559316	0.2309527	0.2677667	0.2656019	0.2356789
90	0.000354525873174552	0.000185507724335522	0.000113365831538374	0.2319255	0.2660881	0.2659425	0.2360437
100	0.000301965351279488	0.000156650967216663	0.00015252857334254	0.2329397	0.2643851	0.2654491	0.2372262
110	0.00025971081406973	0.000154589770279601	0.000116457626943966	0.2334738	0.2635671	0.2634659	0.2394933
120	0.000230854056950871	0.000110274036132782	0.000103059846853068	0.2346946	0.262782	0.2623979	0.2401255
130	0.000192721913615236	7.00806958600859e-05	7.626428667127e-05	0.2345417	0.2621221	0.2621737	0.2411624
140	0.000139130793251641	0.000103059846853068	8.24478774824541e-05	0.2354609	0.2612772	0.260263	0.2429988
150	0.000147375580999887	7.00806958600859e-05	6.90500973915553e-05	0.2378247	0.2597732	0.2588972	0.2435047
160	0.000139130793251641	5.97747111747792e-05	4.43157341468191e-05	0.2379453	0.2587494	0.2577166	0.2455886
170	0.000104090445321598	4.74075295524111e-05	6.90500973915553e-05	0.2388026	0.2579862	0.2572704	0.2459408
180	8.76008698251074e-05	4.74075295524111e-05	4.43157341468191e-05	0.2393149	0.2563646	0.2568489	0.2474714
190	0.000103059846853068	5.46217188321258e-05	4.01933402726964e-05	0.2402043	0.257167	0.2550207	0.2476078
200	8.34784759509847e-05	5.66829157691872e-05	5.56523173006565e-05	0.2416874	0.2543772	0.2537866	0.2501488
210	0.000105121043790129	5.46217188321258e-05	2.88567571188589e-05	0.244243	0.2517035	0.2521248	0.2519285
220	9.37844606362915e-05	6.08053096433099e-05	4.84381280209418e-05	0.2435838	0.2521774	0.2506155	0.2536234
230	8.55396728880461e-05	4.1223938741227e-05	3.91627418041657e-05	0.2449234	0.2497501	0.250824	0.2545022
240	6.38971050489019e-05	0	2.47343632447362e-05	0.2457952	0.2483527	0.2494123	0.25644
250	0	0	2.26731663076749e-05	0.246829166666667	0.248073666666667	0.249130666666667	0.2559665
