Distance from Center (cmd=annotatePeaks.pl /home/ec2-user/atac_analysis_gorkin/heatmaps/new_figure/motif_density_plots/I315R-R2_peaks.narrowPeak hg38 -m CTCF_motif.txt -hist 10 -size 500)	CTCF(Zf)/CD4+-CTCF-ChIP-Seq(Barski_et_al.)/Homer total sites	CTCF(Zf)/CD4+-CTCF-ChIP-Seq(Barski_et_al.)/Homer + sites	CTCF(Zf)/CD4+-CTCF-ChIP-Seq(Barski_et_al.)/Homer - sites	A frequency	C frequency	G frequency	T frequency
-250	0	1.79782463219504e-05	0	0.2553482	0.2476098	0.2480666	0.2489754
-240	4.79419901918678e-05	5.09383645788596e-05	0	0.2554054	0.2476892	0.2507803	0.2461251
-230	0.00010387431208238	4.69431987295373e-05	2.99637438699174e-05	0.2539662	0.2482918	0.2511214	0.2466205
-220	0.00011985497547967	4.9939573116529e-05	5.29359475035207e-05	0.2519045	0.2493483	0.2532594	0.245488
-210	0.000113862226705686	5.59323218905125e-05	7.29117767501323e-05	0.2504786	0.2517423	0.2530831	0.2446962
-200	0.000120853766942	3.49577011815703e-05	6.39226535891571e-05	0.2489043	0.2541244	0.2550344	0.2419373
-190	9.9879146233058e-05	6.39226535891571e-05	6.49214450514877e-05	0.2483393	0.2536865	0.2570707	0.2409036
-180	0.000122851349866661	7.19129852878018e-05	6.49214450514877e-05	0.2461904	0.2555204	0.2578797	0.2404097
-170	0.000159806633972893	7.19129852878018e-05	5.89286962775042e-05	0.2448084	0.2568429	0.2581006	0.2402483
-160	0.000147821136424926	4.79419901918678e-05	8.7893648685091e-05	0.2438821	0.2571193	0.2592661	0.2397326
-150	0.000105871895007041	7.39105682124629e-05	7.59081511371241e-05	0.2441906	0.2569361	0.2613738	0.2374997
-140	0.000166798174209207	7.89045255241158e-05	5.79299048151736e-05	0.2427696	0.2587715	0.2607781	0.2376811
-130	0.000212742581476414	8.98912316097522e-05	9.28876059967439e-05	0.2414099	0.259952	0.263093	0.2355453
-120	0.000248699074120314	0.000109867060856364	0.000133838055952298	0.2402773	0.2604536	0.2633324	0.2359367
-110	0.000251695448507306	0.000148819927887256	0.000158807842510562	0.2388386	0.2620326	0.2645048	0.2346239
-100	0.000374546798373967	0.000178783671757174	0.000141828387650942	0.2381395	0.2624022	0.2654932	0.2339652
-90	0.000398517793469901	0.000144824762037934	0.000225726870486711	0.2376279	0.263122	0.2658946	0.2333555
-80	0.000375545589836298	0.000124848932791323	0.000219734121712728	0.2348706	0.2648404	0.2683077	0.2319817
-70	0.000352573386202695	0.000156810259585901	0.000230720827798364	0.2340502	0.2654359	0.2687183	0.2317953
-60	0.000392525044695918	0.000214740164401075	0.000227724453411372	0.2324342	0.267707	0.2695254	0.2303333
-50	0.000520370351874232	0.000239709950959339	0.000235714785110017	0.2317361	0.2686683	0.2696555	0.22994
-40	0.000668191488299158	0.000302633813086166	0.000305630187473157	0.231557	0.268463	0.2704456	0.2295345
-30	0.000812017458874761	0.000457446489747406	0.000428481537339819	0.2292799	0.2704086	0.2709602	0.2293512
-20	0.00120853766942	0.000840982411282348	0.000509383645788596	0.2280495	0.2705127	0.2726164	0.2288215
-10	0.00182179562729098	0.00106970565615605	0.000751091179672596	0.2272815	0.2725813	0.2721649	0.2279724
0	0.00214840043547308	0.00087793769538858	0.000980813216008629	0.2276861	0.2713957	0.273036	0.2278824
10	0.00162703129213651	0.000690164900470431	0.00107869477931703	0.2279493	0.2718205	0.2721127	0.2281176
20	0.00108868269394033	0.000492404190928976	0.000749093596747935	0.2289425	0.2706788	0.2703865	0.2299919
30	0.000761079094295902	0.000373548006911637	0.000398517793469901	0.2297717	0.2707279	0.2701003	0.2294002
40	0.000621248289569621	0.000289649524075868	0.000268674903366926	0.229221	0.2702154	0.2706858	0.2298778
50	0.00046543682144605	0.000242706325346331	0.000247700282657984	0.2297767	0.2697876	0.2688393	0.231596
60	0.000388529878846596	0.000215738955863405	0.000175787297370182	0.2294483	0.268518	0.2689747	0.2330591
70	0.000366556466675323	0.000228723244873703	0.000145823553500265	0.2305558	0.267699	0.2667858	0.2349592
80	0.000390527461771257	0.00022372928756205	0.000150817510811918	0.2321999	0.2658504	0.2654259	0.2365235
90	0.000383535921534943	0.000205751041240099	0.000161804216897554	0.2326795	0.2653188	0.2635617	0.2384399
100	0.000334595139880744	0.000156810259585901	0.000159806633972893	0.2335065	0.2649915	0.26227	0.2392319
110	0.000259685780205951	0.000150817510811918	0.000128844098640645	0.2342555	0.2641364	0.2621218	0.2394864
120	0.000245702699733323	7.99033169864464e-05	0.00010287552062005	0.235412	0.263054	0.2605257	0.2410083
130	0.000151816302274248	0.000117857392555008	9.48851889214051e-05	0.2366166	0.261429	0.2606068	0.2413479
140	0.000185775211993488	7.09141938254712e-05	7.19129852878018e-05	0.2363141	0.2609534	0.2594542	0.2432783
150	0.000128844098640645	8.28996913734381e-05	6.79178194384794e-05	0.2367457	0.2612957	0.2582176	0.2437408
160	0.000147821136424926	7.99033169864464e-05	5.79299048151736e-05	0.2381055	0.2583549	0.2586281	0.2449114
170	0.000121852558404331	8.7893648685091e-05	6.49214450514877e-05	0.2398459	0.2578131	0.2566737	0.2456674
180	0.000142827179113273	6.09262792021654e-05	4.19492414178844e-05	0.240056	0.2574027	0.2550967	0.2474447
190	9.68827718460663e-05	6.79178194384794e-05	5.49335304281819e-05	0.2410272	0.255462	0.2546439	0.2488666
200	0.000124848932791323	6.79178194384794e-05	3.59564926439009e-05	0.2420518	0.2541403	0.2535727	0.2502352
210	0.000115859809630347	4.69431987295373e-05	5.69311133528431e-05	0.2432932	0.2526946	0.2512466	0.2527657
220	8.98912316097522e-05	4.79419901918678e-05	4.79419901918678e-05	0.2439627	0.2511289	0.2510088	0.2538997
230	8.68948572227605e-05	2.89649524075868e-05	4.29480328802149e-05	0.245742	0.2505403	0.2488889	0.2548289
240	5.19371560411902e-05	0	3.89528670308926e-05	0.245773	0.2497551	0.2482582	0.2562136
250	0	0	2.29722036336033e-05	0.247212666666667	0.249400333333333	0.247064	0.256322833333333
