Distance from Center (cmd=annotatePeaks.pl /home/ec2-user/atac_analysis_gorkin/heatmaps/new_figure/motif_density_plots/I315I-R1_peaks.narrowPeak hg38 -m CTCF_motif.txt -hist 10 -size 500)	CTCF(Zf)/CD4+-CTCF-ChIP-Seq(Barski_et_al.)/Homer total sites	CTCF(Zf)/CD4+-CTCF-ChIP-Seq(Barski_et_al.)/Homer + sites	CTCF(Zf)/CD4+-CTCF-ChIP-Seq(Barski_et_al.)/Homer - sites	A frequency	C frequency	G frequency	T frequency
-250	0	1.09767388586101e-05	0	0.269674	0.2316096	0.23288	0.2658362
-240	3.48392146381971e-05	3.10212185134632e-05	0	0.2700182	0.2314041	0.233594	0.2649836
-230	6.58604331516604e-05	2.91122204510962e-05	2.38624757795871e-05	0.2699593	0.2327919	0.2328574	0.2643911
-220	6.58604331516604e-05	3.05439689978715e-05	3.48392146381971e-05	0.2689701	0.2325868	0.2346451	0.263798
-210	7.68371720102704e-05	3.96117097941146e-05	3.67482127005641e-05	0.2677888	0.2346342	0.2349046	0.2626724
-200	7.77916710414539e-05	4.2475206887665e-05	4.62932030123989e-05	0.2660866	0.2360899	0.2362921	0.2615315
-190	8.6859411837697e-05	3.43619651226054e-05	3.81799612473393e-05	0.264752	0.2369354	0.237735	0.2605777
-180	7.92234195882291e-05	2.7680471904321e-05	4.4384204950032e-05	0.263997	0.2367314	0.2393296	0.259942
-170	7.44509244323117e-05	3.67482127005641e-05	4.48614544656237e-05	0.2627025	0.2381277	0.2393364	0.2598334
-160	9.40181545715731e-05	3.77027117317476e-05	4.67704525279907e-05	0.2622512	0.2387866	0.2399954	0.2589666
-150	9.9745148758674e-05	4.00889593097063e-05	5.7269941871009e-05	0.2611895	0.2396537	0.2413055	0.2578512
-140	0.000113585384710835	4.91567001059494e-05	6.20424370269264e-05	0.2605981	0.2403323	0.2417221	0.2573474
-130	0.000119789628413527	5.39291952618668e-05	7.34964254011282e-05	0.2596882	0.2418445	0.2417804	0.2566869
-120	0.00014794734983344	6.29969360581099e-05	7.06329283075778e-05	0.2583539	0.2425906	0.2426206	0.2564352
-110	0.000140311357583972	6.96784292763943e-05	9.40181545715731e-05	0.2577303	0.2426354	0.2441565	0.2554778
-100	0.000175150572222169	7.11101778231695e-05	7.73144215258621e-05	0.2570129	0.2442315	0.2440815	0.254674
-90	0.000178491318831311	7.92234195882291e-05	0.000105472142945775	0.2554182	0.2451703	0.245628	0.2537836
-80	0.000193286053814655	7.77916710414539e-05	0.000107381141008142	0.2544818	0.2460509	0.2464864	0.2529807
-70	0.000190422556721105	7.87461700726374e-05	0.000114062634226426	0.2535422	0.2469376	0.2466375	0.2528829
-60	0.000206649040251224	0.000102131396336633	0.000112630885679651	0.2529478	0.2467033	0.2482184	0.2521306
-50	0.000268691477278151	0.000132675365334504	0.000127902870178587	0.2507548	0.2486036	0.2492268	0.2514151
-40	0.000360323384271765	0.000201399295579715	0.000166560080941518	0.2502232	0.2493433	0.2501271	0.2503064
-30	0.000525928966182099	0.000285395210323862	0.000227648018937261	0.2494442	0.2495321	0.2511369	0.2498868
-20	0.000732578006433323	0.000449569043687421	0.000324529670602384	0.2493849	0.2499301	0.2508837	0.2498011
-10	0.00103754044689645	0.000631401109127874	0.000447182796109462	0.2487412	0.2516827	0.2512814	0.2482949
0	0.0012480074832724	0.000526883465213283	0.000587971403209026	0.2482644	0.2512356	0.2517403	0.2487599
10	0.000915364570904961	0.000409002834862123	0.00061660637414453	0.2485228	0.2511345	0.2511805	0.2491624
20	0.000661467828610154	0.000292553953057738	0.000388481105691678	0.2491669	0.2509454	0.2505309	0.2493569
30	0.000458636784483664	0.00019996754703294	0.000252464993748031	0.2505378	0.2497327	0.2498772	0.2498523
40	0.000316416428837325	0.000162264835301192	0.000166082831425926	0.2500558	0.2496172	0.2496497	0.2506773
50	0.00025198774423244	0.000113585384710835	0.000116448881804385	0.2507837	0.2496311	0.2480569	0.2515284
60	0.000188036309143146	0.000113108135195243	8.97229089312474e-05	0.2511727	0.2484869	0.2484045	0.2519355
70	0.000200922046064123	0.00011788063035116	7.44509244323117e-05	0.2524436	0.2474662	0.2468701	0.2532201
80	0.000209989786860366	0.000116926131319977	8.78139108688805e-05	0.2538625	0.2456328	0.2462809	0.2542237
90	0.000189945307205513	9.83134002118988e-05	9.21091565092061e-05	0.2539863	0.244599	0.2452478	0.2561668
100	0.000167514579972701	8.30414157129631e-05	7.30191758855365e-05	0.2540771	0.2444026	0.2443709	0.2571495
110	0.000133152614850096	8.495041377533e-05	6.92011797608025e-05	0.2544928	0.2437701	0.2432886	0.2584486
120	0.000143652104193114	6.82466807296191e-05	5.01111991371329e-05	0.2562287	0.2424261	0.2422974	0.2590478
130	0.000113108135195243	8.06551681350043e-05	5.87016904177842e-05	0.2562955	0.2424786	0.2414918	0.2597341
140	0.000131720866303321	4.53387039812155e-05	4.48614544656237e-05	0.2571052	0.2411118	0.2406626	0.2611205
150	8.25641661973713e-05	4.4384204950032e-05	5.10656981683164e-05	0.2574923	0.2400301	0.2402336	0.2622443
160	7.397367491672e-05	5.20201971994998e-05	3.72254622161558e-05	0.2579604	0.2397586	0.2394292	0.2628518
170	9.9745148758674e-05	4.39069554344402e-05	2.9589469966688e-05	0.2587833	0.2393175	0.238505	0.2633943
180	7.30191758855365e-05	4.82022010747659e-05	4.77249515591742e-05	0.2591819	0.2383506	0.2380371	0.2644303
190	8.11324176505961e-05	5.10656981683164e-05	2.91122204510962e-05	0.2592865	0.2371031	0.2378551	0.2657551
200	7.97006691038209e-05	3.62709631849724e-05	3.29302165758302e-05	0.2611455	0.2361465	0.2359868	0.2667209
210	6.44286846048851e-05	4.86794505903576e-05	2.86349709355045e-05	0.2624108	0.2346593	0.2347809	0.2681491
220	7.68371720102704e-05	3.86572107629311e-05	2.81577214199128e-05	0.2638774	0.2333512	0.2331633	0.2696082
230	7.68371720102704e-05	2.14762282016284e-05	2.81577214199128e-05	0.2640618	0.2331968	0.2324867	0.2702545
240	4.29524564032568e-05	0	3.81799612473393e-05	0.2649355	0.232027	0.2326234	0.2704138
250	0	0	2.14762282016284e-05	0.265358333333333	0.231277166666667	0.232667166666667	0.270697333333333
