Distance from Center (cmd=annotatePeaks.pl /home/ec2-user/atac_analysis_gorkin/heatmaps/new_figure/motif_density_plots/I315X-R2_peaks.narrowPeak hg38 -m CTCF_motif.txt -hist 10 -size 500)	CTCF(Zf)/CD4+-CTCF-ChIP-Seq(Barski_et_al.)/Homer total sites	CTCF(Zf)/CD4+-CTCF-ChIP-Seq(Barski_et_al.)/Homer + sites	CTCF(Zf)/CD4+-CTCF-ChIP-Seq(Barski_et_al.)/Homer - sites	A frequency	C frequency	G frequency	T frequency
-250	0	2.81316109285682e-05	0	0.2548008	0.2496028	0.2492914	0.2463046
-240	6.52653373542783e-05	3.37579331142819e-05	0	0.2545078	0.2503937	0.2502809	0.2448177
-230	8.55200972228474e-05	4.50105774857091e-05	3.713372642571e-05	0.2520643	0.250695	0.2524874	0.2447535
-220	0.0001237790880857	8.55200972228474e-05	5.17621641085655e-05	0.2519514	0.2514586	0.2539133	0.2426767
-210	0.000137282261331413	6.41400729171355e-05	7.8768510599991e-05	0.2511867	0.2537587	0.2547763	0.2402782
-200	0.000139532790205698	7.98937750371337e-05	5.17621641085655e-05	0.2480034	0.2540801	0.2575354	0.240381
-190	0.000140658054642841	8.43948327857046e-05	7.53927172885628e-05	0.2464273	0.2561118	0.2576212	0.2398396
-180	0.000149660170139983	7.76432461628483e-05	6.07642796057073e-05	0.2456933	0.2566792	0.259708	0.2379197
-170	0.000151910699014268	6.07642796057073e-05	6.52653373542783e-05	0.2453309	0.2569488	0.2597385	0.2379817
-160	0.000142908583517127	9.1146419408561e-05	7.42674528514201e-05	0.2435241	0.258296	0.2609695	0.2372102
-150	0.000187919161002836	8.21443039114192e-05	8.21443039114192e-05	0.2428561	0.2582867	0.2629715	0.2358858
-140	0.000190169689877121	6.41400729171355e-05	9.67727415942747e-05	0.2411719	0.2608598	0.2632784	0.23469
-130	0.000199171805374263	9.56474771571319e-05	0.000108025385965702	0.2400019	0.2613968	0.2631012	0.2355001
-120	0.000279065580411397	0.000104649592654274	0.000135031732457127	0.2375327	0.2637183	0.2647132	0.2340359
-110	0.000306071926902822	0.000149660170139983	0.000183418103254265	0.2375789	0.2637748	0.2652525	0.2333939
-100	0.000380339379754242	0.000174415987757123	0.000201422334248548	0.2370973	0.2650776	0.2660659	0.2317593
-90	0.000423099428365666	0.000182292838817122	0.000230679209614259	0.2347261	0.2665814	0.2674307	0.2312617
-80	0.000421974163928523	0.000167664401134267	0.000248683440608543	0.2340458	0.2664696	0.2695843	0.2299004
-70	0.000411846783994239	0.00018566863212855	0.000239681325111401	0.2326876	0.2679475	0.2705556	0.2288093
-60	0.00041634784174281	0.000255435027231399	0.000244182382859972	0.2314704	0.269864	0.2697273	0.2289381
-50	0.000603141738308503	0.000256560291668542	0.000230679209614259	0.2301036	0.2697365	0.2716678	0.2284925
-40	0.000704415537651348	0.000340955124454247	0.000347706711077103	0.2284485	0.2707394	0.2727485	0.2280637
-30	0.000881082054282756	0.000531124814331368	0.000447855245982806	0.2272559	0.2712481	0.2736995	0.2277964
-20	0.00123441508754557	0.000760678759508485	0.00054012692982851	0.2270442	0.2728546	0.2727733	0.2273282
-10	0.00180042309942837	0.0011061349417113	0.000703290273214205	0.2255188	0.2735528	0.27382	0.2271082
0	0.00219201512355404	0.000895710491965612	0.00103974433991988	0.2254805	0.2737547	0.2750632	0.2257015
10	0.00161925552504839	0.000599765944997074	0.00108588018184273	0.2269493	0.2734084	0.2736238	0.2260185
20	0.00105774857091416	0.000501867938965657	0.000723545033082775	0.2266707	0.271239	0.2733013	0.228789
30	0.000803438808119908	0.000460233154791376	0.000457982625917091	0.2270633	0.2732097	0.2715627	0.2281643
40	0.00070103974433992	0.000301570869154251	0.000301570869154251	0.2270892	0.2722522	0.2723368	0.2283221
50	0.00049061529459423	0.000237430796237116	0.000240806589548544	0.2282353	0.2726277	0.2699247	0.2292122
60	0.000411846783994239	0.00022280235855426	0.000189044425439978	0.2286729	0.2701303	0.2696993	0.2314977
70	0.000374713057568529	0.000273439258225683	0.000174415987757123	0.2287452	0.2690629	0.2684516	0.2337402
80	0.000470360534725661	0.000295944546968538	0.000151910699014268	0.2290733	0.2688115	0.2675482	0.234567
90	0.000457982625917091	0.000223927622991403	0.000196921276499978	0.2306934	0.2674917	0.2668046	0.2350103
100	0.00036683620650853	0.000182292838817122	0.000162038078948553	0.2320761	0.267522	0.2640048	0.2363968
110	0.000330827744519962	0.000167664401134267	0.000142908583517127	0.2313781	0.2651577	0.2641649	0.2392992
120	0.000288067695908539	0.000144033847954269	0.00014853490570284	0.2336771	0.2648587	0.2624898	0.2389744
130	0.000243057118422829	0.000115902237025701	0.000120403294774272	0.2342793	0.2637285	0.2626025	0.2393894
140	0.000213800243057118	8.32695683485619e-05	9.90232704685601e-05	0.2344734	0.2624267	0.2616867	0.241413
150	0.000131655939145699	8.55200972228474e-05	9.78980060314174e-05	0.2355841	0.2626386	0.2598148	0.2419622
160	0.00014853490570284	8.66453616599901e-05	4.83863707971373e-05	0.2370796	0.2616919	0.2592179	0.2420104
170	0.000130530674708557	7.53927172885628e-05	6.30148084799928e-05	0.2366375	0.2593127	0.2593919	0.2446581
180	0.000121528559211415	6.86411306657064e-05	4.38853130485664e-05	0.2380891	0.2591943	0.2579838	0.2447325
190	0.000112526443714273	6.6390601791421e-05	4.61358419228519e-05	0.2389973	0.2583347	0.2558801	0.2467878
200	0.000122653823648557	6.86411306657064e-05	4.38853130485664e-05	0.2396934	0.2566437	0.2545738	0.249089
210	0.000113651708151416	4.1634784174281e-05	5.62632218571364e-05	0.2422552	0.2539399	0.2534718	0.2503334
220	9.00211549714183e-05	6.97663951028492e-05	4.50105774857091e-05	0.2427709	0.2531842	0.2520292	0.2520156
230	0.000103524328217131	2.58810820542828e-05	4.83863707971373e-05	0.2441002	0.2524334	0.2507683	0.2526985
240	5.62632218571364e-05	0	3.37579331142819e-05	0.2449654	0.2516774	0.2503373	0.2530199
250	0	0	3.03821398028537e-05	0.245370833333333	0.250445666666667	0.248524166666667	0.255659333333333
