Distance from Center (cmd=annotatePeaks.pl /home/ec2-user/atac_analysis_gorkin/heatmaps/new_figure/motif_density_plots/WT281-R1_peaks.narrowPeak hg38 -m CTCF_motif.txt -hist 10 -size 500)	CTCF(Zf)/CD4+-CTCF-ChIP-Seq(Barski_et_al.)/Homer total sites	CTCF(Zf)/CD4+-CTCF-ChIP-Seq(Barski_et_al.)/Homer + sites	CTCF(Zf)/CD4+-CTCF-ChIP-Seq(Barski_et_al.)/Homer - sites	A frequency	C frequency	G frequency	T frequency
-250	0	8.7643322609915e-06	0	0.2680592	0.2341628	0.233882	0.2638958
-240	3.60884269570238e-05	2.01064093046276e-05	0	0.2684289	0.2338504	0.2343692	0.263351
-230	5.56792873051225e-05	2.9386290522148e-05	2.73240946960323e-05	0.2672564	0.2346807	0.235023	0.26304
-220	8.04256372185103e-05	4.58838571310732e-05	3.55728780004949e-05	0.2667913	0.2351257	0.2362647	0.2618183
-210	9.33143611317331e-05	3.71195248700817e-05	5.10393466963623e-05	0.2651954	0.2361258	0.2378801	0.2607988
-200	8.7643322609915e-05	4.02128186092551e-05	4.74305040006599e-05	0.2641763	0.2370784	0.2392663	0.2594791
-190	7.88789903489235e-05	4.22750144353708e-05	5.05237977398334e-05	0.2628631	0.238797	0.2399255	0.2584143
-180	8.60966757403283e-05	3.29951332178504e-05	3.86661717396684e-05	0.2626141	0.23901	0.2406493	0.2577263
-170	7.42390497401633e-05	4.0728367565784e-05	4.38216613049575e-05	0.2620045	0.2390132	0.2415183	0.2574642
-160	0.00010414088921884	5.8772581044296e-05	4.1243916522313e-05	0.2606024	0.2410295	0.241359	0.2570091
-150	0.000119091808958179	4.53683081745443e-05	6.34125216530562e-05	0.2594206	0.2415468	0.2423487	0.256684
-140	0.000106718634001485	4.63994060876021e-05	6.03192279138827e-05	0.2587237	0.2422992	0.2428623	0.256115
-130	0.000122185102697352	6.34125216530562e-05	6.13503258269405e-05	0.2578909	0.243515	0.2440031	0.2545914
-120	0.000158273529654376	5.41326404355358e-05	7.57856966097501e-05	0.2570021	0.2436184	0.2445672	0.2548124
-110	0.000155180235915203	8.30033820011548e-05	9.48610080013198e-05	0.2561161	0.2452988	0.2453339	0.2532512
-100	0.000205704033655036	8.24878330446259e-05	0.000101047595479667	0.2554339	0.246162	0.2459865	0.2524177
-90	0.000212406170089912	7.88789903489235e-05	0.000122700651653881	0.2540006	0.2467851	0.2468424	0.2523718
-80	0.000196424152437515	8.45500288707416e-05	0.000129918337045286	0.2527075	0.2474551	0.2478414	0.251996
-70	0.000212406170089912	8.8158871566444e-05	0.000117545162088592	0.2519469	0.2479916	0.2494585	0.250603
-60	0.000230965932524953	0.000114451868349418	0.00012785614121917	0.2504253	0.2490768	0.2501631	0.2503345
-50	0.000275303142786439	0.000148993648436856	0.000142807060958509	0.2497965	0.2497461	0.2503355	0.250122
-40	0.000392848304875031	0.000186113173306937	0.000160851274437021	0.249839	0.2500666	0.2515127	0.2485818
-30	0.000492349253485111	0.00027478759382991	0.000243854656438175	0.2489962	0.2510559	0.2509391	0.2490088
-20	0.000725377381836179	0.000447496494267096	0.000306236080178174	0.2481506	0.2515235	0.2512199	0.2491058
-10	0.00104811102862328	0.000599067887486596	0.000450589788006269	0.2477633	0.252459	0.2521698	0.2476075
0	0.00122700651653881	0.000558339519920812	0.000600614534356182	0.2469911	0.2522732	0.2527746	0.2479613
10	0.000964592097665594	0.000395941598614204	0.000627938629052215	0.2476571	0.2522619	0.2522814	0.2477997
20	0.000636702961313206	0.000303658335395529	0.000406252577744783	0.2486603	0.2517523	0.2512386	0.2483491
30	0.000480491627484946	0.000215499463829085	0.000240761362699002	0.2491001	0.2517746	0.250172	0.2489535
40	0.000359337622700652	0.000154149138002145	0.000176833292089417	0.2492033	0.2507124	0.2505033	0.2495807
50	0.000240245813742473	0.00015621133382826	0.000143838158871566	0.2493671	0.2502391	0.2501264	0.2502675
60	0.000257774478264456	0.000121154004784294	8.60966757403283e-05	0.2497439	0.2498888	0.2487298	0.2516371
70	0.000207766229481152	0.00013249608182793	0.000101563144436196	0.2505142	0.2484315	0.2490842	0.2519702
80	0.000218592757568259	0.000120638455827765	8.66122246968572e-05	0.2516243	0.2473443	0.2478337	0.2531979
90	0.000212921719046441	0.000104656438175369	8.60966757403283e-05	0.2525446	0.2455627	0.2476116	0.254281
100	0.000171677802524128	0.000114967417305947	9.22832632186752e-05	0.2530625	0.2451772	0.2457819	0.255978
110	0.000191268662872226	8.04256372185103e-05	6.70213643487586e-05	0.25281	0.2456368	0.2448758	0.256677
120	0.000142807060958509	6.85680112183453e-05	7.6301245566279e-05	0.2536068	0.244182	0.2448014	0.2574098
130	0.000110327476697187	7.68167945228079e-05	6.23814237399984e-05	0.2544458	0.2431963	0.2439275	0.2584303
140	0.000129402788088757	6.95991091314031e-05	4.17594654788419e-05	0.2553121	0.2428886	0.2429423	0.2588566
150	0.000117029613132063	5.46481893920647e-05	5.2585993565949e-05	0.2554048	0.2426895	0.2425616	0.2593441
160	9.89853996535511e-05	5.20704446094201e-05	4.74305040006599e-05	0.2554951	0.2420669	0.2418657	0.2605723
170	8.97055184360307e-05	4.53683081745443e-05	4.43372102614864e-05	0.256809	0.2410277	0.2412591	0.2609042
180	8.7643322609915e-05	4.79460529571888e-05	3.76350738266106e-05	0.2578844	0.2402388	0.2403663	0.2615103
190	7.73323434793368e-05	5.61948362616514e-05	4.22750144353708e-05	0.2578529	0.2396349	0.2393606	0.2631516
200	8.97055184360307e-05	4.79460529571888e-05	2.9386290522148e-05	0.2592758	0.2383364	0.2375681	0.2648196
210	7.42390497401633e-05	3.5057329043966e-05	3.35106821743793e-05	0.2606693	0.2373402	0.2361013	0.265889
220	7.0114658087932e-05	3.71195248700817e-05	2.62929967829745e-05	0.2610843	0.2358579	0.2355821	0.2674754
230	7.06302070444609e-05	2.88707415656191e-05	3.5057329043966e-05	0.2620569	0.234594	0.2355635	0.2677856
240	3.86661717396684e-05	0	3.35106821743793e-05	0.2624816	0.2341742	0.2339712	0.2693731
250	0	0	9.79543017404933e-06	0.263714	0.233099666666667	0.233898	0.269288166666667
