Distance from Center (cmd=annotatePeaks.pl /home/ec2-user/atac_analysis_gorkin/heatmaps/new_figure/motif_density_plots/W281X-R1_peaks.narrowPeak hg38 -m CTCF_motif.txt -hist 10 -size 500)	CTCF(Zf)/CD4+-CTCF-ChIP-Seq(Barski_et_al.)/Homer total sites	CTCF(Zf)/CD4+-CTCF-ChIP-Seq(Barski_et_al.)/Homer + sites	CTCF(Zf)/CD4+-CTCF-ChIP-Seq(Barski_et_al.)/Homer - sites	A frequency	C frequency	G frequency	T frequency
-250	0	1.63353522153251e-05	0	0.2528396	0.2511622	0.25062	0.245378
-240	5.52888844211002e-05	3.64404010957252e-05	0	0.2524456	0.2514492	0.251215	0.2448905
-230	0.000100525244402	4.52363599809002e-05	3.89535322057752e-05	0.2524077	0.250842	0.2534318	0.2433186
-220	0.000100525244402	6.53414088613003e-05	6.40848433062753e-05	0.2497916	0.2536258	0.2535263	0.2430565
-210	0.000121886858837426	4.77494910909502e-05	5.52888844211002e-05	0.2487284	0.2541776	0.2565291	0.2405651
-200	0.000106808072177125	5.40323188660752e-05	5.65454499761253e-05	0.2467805	0.2551228	0.2571897	0.2409072
-190	0.000106808072177125	5.02626222010002e-05	5.90585810861753e-05	0.246267	0.2564365	0.25853	0.238766
-180	0.000115604031062301	6.65979744163253e-05	5.27757533110502e-05	0.2435735	0.2584601	0.2602753	0.2376914
-170	0.000130682817722601	5.78020155311503e-05	6.53414088613003e-05	0.2430087	0.2601376	0.2603378	0.2365159
-160	0.000139478776607776	7.28808021914503e-05	6.40848433062753e-05	0.2434572	0.2594699	0.2623278	0.2347448
-150	0.000174662612148476	7.28808021914503e-05	8.16767610766254e-05	0.2423637	0.2597168	0.2635309	0.2343883
-140	0.000188484833253751	6.91111055263753e-05	0.000101781809957025	0.2393134	0.2619096	0.2647375	0.2340396
-130	0.000213616144354251	9.42424166268754e-05	0.000115604031062301	0.2397289	0.2630874	0.2640723	0.2331114
-120	0.000265135332110276	0.000129426252167576	0.000144505038827876	0.2383586	0.2631731	0.2665827	0.2318856
-110	0.000307858560981126	0.000109321203287175	0.000170892915483401	0.2363998	0.2645359	0.268157	0.230907
-100	0.000346812093186902	0.000159583825488176	0.000178432308813551	0.2356078	0.2666507	0.2675108	0.2302307
-90	0.000418436329823327	0.000169636349928376	0.000237490889899726	0.2342926	0.2672881	0.2693816	0.2290379
-80	0.000399587846497952	0.000165866653263301	0.000258852504335151	0.2328216	0.2690816	0.2697355	0.2283615
-70	0.000404614108718052	0.000196024226583901	0.000229951496569576	0.2307194	0.2696219	0.2716234	0.2280351
-60	0.000485034304239652	0.000251313111005001	0.000238747455454751	0.2290239	0.2716764	0.2726412	0.2266584
-50	0.000647131260837878	0.000331733306526601	0.000289010077655751	0.2274759	0.2727597	0.2743441	0.2254204
-40	0.000863260536302179	0.000365660576512277	0.000395818149832877	0.2262102	0.2733704	0.2746791	0.2257403
-30	0.00104294941067075	0.000535296926440652	0.000531527229775577	0.2253763	0.2739109	0.2743642	0.2263486
-20	0.00134829484054183	0.0010253574929004	0.000677288834158478	0.2239493	0.2747232	0.2751779	0.2261497
-10	0.00219773315573873	0.00126787464502023	0.000812997914101179	0.2228749	0.2773861	0.2758832	0.2238561
0	0.00262119574778216	0.00105802819733105	0.00117237566283833	0.2226707	0.2771001	0.2774665	0.2227626
10	0.00186725641476716	0.000794149430775804	0.00135332110276193	0.2237541	0.2755871	0.277338	0.2233206
20	0.00128546656279058	0.000557915106431103	0.000809228217436104	0.224802	0.2759322	0.2745898	0.2246759
30	0.000893418109622779	0.000471212083134377	0.000491317132014777	0.2246608	0.2752119	0.2735103	0.226617
40	0.000756452464125053	0.000350581789851977	0.000335503003191676	0.2254834	0.2739335	0.2736324	0.2269508
50	0.000556658540876077	0.000302832298761026	0.000285240380990676	0.2258764	0.2725757	0.2740822	0.2274659
60	0.000480008042019552	0.000234977758789676	0.000206076751024101	0.226928	0.2731411	0.2714156	0.2285152
70	0.000393305018722827	0.000260109069890176	0.000177175743258526	0.2280818	0.2710088	0.2702027	0.2307068
80	0.000412153502048202	0.000251313111005001	0.000158327259933151	0.2285908	0.2683335	0.2697781	0.2332976
90	0.000422206026488402	0.000222412103239426	0.000152044432158026	0.2291927	0.2690022	0.2687253	0.2330798
100	0.000345555527631877	0.000175919177703501	0.000170892915483401	0.2308353	0.2662475	0.268346	0.2345712
110	0.000291523208765801	0.000149531301047976	0.000123143424392451	0.2301009	0.2665373	0.2658207	0.237541
120	0.000248799979894951	0.000135709079942701	0.000115604031062301	0.2331491	0.2654957	0.2637049	0.2376507
130	0.000222412103239426	0.000104294941067075	9.92686788469754e-05	0.2325556	0.2642526	0.2640611	0.2391308
140	0.000178432308813551	9.67555477369254e-05	8.67030232967254e-05	0.2335571	0.263139	0.2622309	0.2410729
150	0.000157070694378126	5.65454499761253e-05	7.41373677464753e-05	0.2348745	0.2609991	0.2623884	0.2417378
160	0.000134452514387676	6.40848433062753e-05	6.03151466412003e-05	0.2355511	0.2621578	0.2595116	0.2427795
170	0.000125656555502501	7.66504988565253e-05	7.79070644115504e-05	0.2356545	0.260334	0.259718	0.2442936
180	0.000120630293282401	8.41898921866754e-05	6.15717121962253e-05	0.2364856	0.2594297	0.2590102	0.2450744
190	0.000145761604382901	8.54464577417004e-05	4.39797944258752e-05	0.2379706	0.2586928	0.2572482	0.2460886
200	0.000134452514387676	6.03151466412003e-05	6.15717121962253e-05	0.2398573	0.2573955	0.2554684	0.2472788
210	0.000111834334397225	6.53414088613003e-05	4.90060566459752e-05	0.2400601	0.2553448	0.2546723	0.2499225
220	9.80121132919504e-05	5.02626222010002e-05	5.15191877560252e-05	0.2418702	0.2535815	0.2539683	0.2505801
230	0.000101781809957025	3.26707044306501e-05	3.26707044306501e-05	0.2429029	0.2523194	0.2529115	0.2518661
240	5.40323188660752e-05	0	5.15191877560252e-05	0.2449472	0.2513143	0.2520752	0.2516631
250	0	0	2.13616144354251e-05	0.243978	0.251563	0.250523833333333	0.253935
