Distance from Center (cmd=annotatePeaks.pl /home/ec2-user/atac_analysis_gorkin/heatmaps/new_figure/motif_density_plots/W281X-R2_peaks.narrowPeak hg38 -m CTCF_motif.txt -hist 10 -size 500)	CTCF(Zf)/CD4+-CTCF-ChIP-Seq(Barski_et_al.)/Homer total sites	CTCF(Zf)/CD4+-CTCF-ChIP-Seq(Barski_et_al.)/Homer + sites	CTCF(Zf)/CD4+-CTCF-ChIP-Seq(Barski_et_al.)/Homer - sites	A frequency	C frequency	G frequency	T frequency
-250	0	1.4086358770167e-05	0	0.2556976	0.246581	0.2494366	0.2482846
-240	5.72845256653457e-05	4.31981668951787e-05	0	0.2545646	0.2473793	0.2509464	0.2471098
-230	0.00011081268899198	5.82236162500235e-05	4.31981668951787e-05	0.253371	0.2489745	0.2516704	0.2459841
-220	0.000123959957177469	5.25890727419567e-05	6.76145220968015e-05	0.2525893	0.2497231	0.253044	0.2446442
-210	0.00010236087372988	6.47972503427681e-05	6.57363409274459e-05	0.2510958	0.2510533	0.2535833	0.2442679
-200	0.00011926450425408	5.25890727419567e-05	4.97718009879233e-05	0.2486082	0.2516843	0.256319	0.2433883
-190	0.000131472681854892	6.10408880040569e-05	5.44672539113123e-05	0.2475468	0.2534077	0.2563888	0.2426569
-180	0.000129594500685536	3.85027139717897e-05	7.8883609112935e-05	0.2465038	0.2543791	0.258528	0.240589
-170	0.000107056326653269	5.72845256653457e-05	6.85536126814793e-05	0.2457752	0.2549927	0.2589526	0.2402794
-160	0.000129594500685536	7.51272467742238e-05	6.85536126814793e-05	0.2442661	0.2569153	0.2599451	0.2388737
-150	0.000147437221794414	7.79445185282572e-05	7.23099750201904e-05	0.2428372	0.2578131	0.2613371	0.2380126
-140	0.000180305392258137	8.54572432056796e-05	7.23099750201904e-05	0.2427037	0.2576935	0.2621165	0.2374863
-130	0.000211295381552505	0.000106117236068591	0.00010236087372988	0.2407527	0.2593607	0.2638948	0.2359919
-120	0.000229138102661383	0.000120203594838758	0.000125838138346825	0.2408578	0.2602444	0.2631498	0.235748
-110	0.000296752624758184	0.000127716319516181	0.000123020866592792	0.2386619	0.2611668	0.2654674	0.2347041
-100	0.000325864432883196	0.000139924497116992	0.000176549029919426	0.2380435	0.2623941	0.2667699	0.2327924
-90	0.000368123509193697	0.000139924497116992	0.000198148113367015	0.2364443	0.2639932	0.2667606	0.2328017
-80	0.00035403715042353	0.000151193584133125	0.000228199012076705	0.2353545	0.265998	0.2677158	0.2309317
-70	0.000339011701068685	0.000159645399395226	0.000214112653306538	0.2332829	0.266578	0.2688105	0.2313289
-60	0.000400052589072742	0.000191574479274271	0.00018781811693556	0.2324885	0.2687784	0.2684792	0.2302541
-50	0.000475179835846966	0.00021317356272186	0.000240407189677516	0.2311858	0.2689629	0.2708717	0.2289796
-40	0.000635764325826869	0.00029863080592754	0.000283605356572695	0.2303397	0.2692321	0.2710912	0.2293371
-30	0.000804800631068873	0.000458276205322765	0.000422590763105009	0.2297813	0.2696114	0.2723587	0.2282482
-20	0.0011503859662303	0.000801044268730162	0.000506169825141333	0.2285711	0.2715108	0.2710769	0.2288413
-10	0.00182277482485961	0.00101327874086734	0.000692109760907537	0.2264373	0.2739883	0.2728239	0.2267508
0	0.00202092293822662	0.000859267884980185	0.00102173055612944	0.2269831	0.2720595	0.2738432	0.227114
10	0.00156640309524257	0.000629190691734125	0.00100764419735928	0.2272515	0.2722846	0.2726112	0.2278527
20	0.00104802509250042	0.000445128937137276	0.000707135210262382	0.2281221	0.2711277	0.2718044	0.2289455
30	0.000726856112540616	0.000375636233871119	0.000418834400766298	0.2293334	0.2712717	0.2700603	0.2293344
40	0.000585053434254268	0.000269518997802528	0.000281727175403339	0.2288939	0.2706119	0.2693826	0.2311115
50	0.000436677121875176	0.000220686287399283	0.000209417200383149	0.2297966	0.2696361	0.2693055	0.231262
60	0.00034558533516143	0.000217869015645249	0.000167158124072648	0.2301203	0.2688934	0.2680922	0.2328941
70	0.000385966230302575	0.00019626993219766	0.000124899047762147	0.2311275	0.2677931	0.2670721	0.2340076
80	0.000341828972822718	0.000217869015645249	0.000168097214657326	0.2313542	0.2669101	0.2650118	0.236724
90	0.000386905320887253	0.000205660838044438	0.000145559040625059	0.2318033	0.2660205	0.2642184	0.2379579
100	0.000312717164697707	0.000150254493548448	0.000169036305242004	0.2326617	0.2651048	0.2638512	0.2383824
110	0.000252615367278328	0.000165279942903292	0.000107056326653269	0.2346448	0.2640282	0.2619998	0.2393272
120	0.000261067182540428	0.000116447232500047	0.00010236087372988	0.2356492	0.2629852	0.2607677	0.2405981
130	0.000193452660443626	8.63963337903574e-05	9.57872396371354e-05	0.2361263	0.2618782	0.2600195	0.241976
140	0.000162462671149259	7.23099750201904e-05	7.70054279435794e-05	0.2367289	0.2612074	0.2597276	0.2423363
150	0.000148376312379092	8.26399714516462e-05	7.60663373589016e-05	0.2370082	0.2604731	0.2587365	0.2437824
160	0.000143680859455703	6.76145220968015e-05	7.60663373589016e-05	0.2372506	0.2599644	0.257121	0.2456641
170	0.000106117236068591	7.98226996976128e-05	6.10408880040569e-05	0.2387038	0.2584849	0.2568087	0.2460023
180	0.000113629960746014	4.60154386492121e-05	3.85027139717897e-05	0.2393739	0.2582542	0.2549542	0.2474176
190	9.10917867137464e-05	6.94927032661571e-05	3.38072610484007e-05	0.2402548	0.2563754	0.2550407	0.2483289
200	0.000113629960746014	6.47972503427681e-05	4.50763480645343e-05	0.2414859	0.2550315	0.2527573	0.2507251
210	0.000103299964314558	6.47972503427681e-05	4.41372574798565e-05	0.2433729	0.2526263	0.2520749	0.2519261
220	0.000121142685423436	4.60154386492121e-05	3.85027139717897e-05	0.2449841	0.2522628	0.2507956	0.2519579
230	7.4188156189546e-05	3.66245328024341e-05	5.63454350806679e-05	0.2459527	0.2506136	0.2501103	0.2533236
240	5.44672539113123e-05	0	2.81727175403339e-05	0.245803	0.2499246	0.2490031	0.2552691
250	0	0	1.78427211088782e-05	0.246958333333333	0.249300333333333	0.247909	0.2558325
