Distance from Center (cmd=annotatePeaks.pl /home/ec2-user/atac_analysis_gorkin/heatmaps/new_figure/motif_density_plots/W281P-R1_peaks.narrowPeak hg38 -m CTCF_motif.txt -hist 10 -size 500)	CTCF(Zf)/CD4+-CTCF-ChIP-Seq(Barski_et_al.)/Homer total sites	CTCF(Zf)/CD4+-CTCF-ChIP-Seq(Barski_et_al.)/Homer + sites	CTCF(Zf)/CD4+-CTCF-ChIP-Seq(Barski_et_al.)/Homer - sites	A frequency	C frequency	G frequency	T frequency
-250	0	1.66371438917216e-05	0	0.2577506	0.2445186	0.2483386	0.2493922
-240	5.2847398244292e-05	3.62102543525704e-05	0	0.2569029	0.2460126	0.2482014	0.2488831
-230	8.807899707382e-05	4.403949853691e-05	3.62102543525704e-05	0.2555443	0.2469661	0.2486269	0.2488625
-220	9.98228633503293e-05	4.99114316751647e-05	5.18687427212495e-05	0.2547582	0.248356	0.2507202	0.2461654
-210	0.000107652107534669	6.1655297951674e-05	5.57833648134193e-05	0.2536872	0.2489156	0.2519706	0.2454263
-200	0.000116460007242051	5.57833648134193e-05	5.77406758595042e-05	0.2525688	0.2510609	0.2525343	0.243836
-190	0.000106673452011626	5.87193313825467e-05	5.48047092903769e-05	0.2499248	0.2526423	0.2547507	0.2426822
-180	0.000140926395318112	4.69754651060373e-05	5.08900871982071e-05	0.2484839	0.2541393	0.2549673	0.2424095
-170	0.000110588074103796	3.71889098756129e-05	8.22070639355653e-05	0.2478865	0.254834	0.2566243	0.2406556
-160	0.000113524040672924	4.20821874908251e-05	6.36126089977589e-05	0.2457688	0.2559583	0.2580313	0.2402419
-150	0.000101780174396414	7.73137863203531e-05	7.63351307973107e-05	0.244973	0.2562553	0.258957	0.2398148
-140	0.00017224337205547	6.94845421360135e-05	5.96979869055891e-05	0.2439743	0.2572737	0.2597467	0.2390053
-130	0.000173222027578513	9.29722746890322e-05	9.49295857351171e-05	0.2424822	0.2588266	0.2612192	0.2374721
-120	0.000238791947622356	9.29722746890322e-05	0.000103737485442499	0.2427451	0.259465	0.2605933	0.2371964
-110	0.000251514469421908	0.000134075806656815	0.000145819672933324	0.2410113	0.2606821	0.262806	0.2355003
-100	0.000326870944696176	0.000149734295025494	0.000158542194732876	0.239841	0.2614266	0.2639564	0.2347761
-90	0.00034840136620311	0.000126246562472475	0.000192795138039362	0.2376936	0.2627726	0.2653242	0.2342101
-80	0.000320999011557922	0.000161478161302003	0.000198667071177616	0.2366939	0.2626743	0.2662767	0.2343552
-70	0.000349380021726153	0.000144841017410282	0.000194752449085446	0.2347927	0.2652829	0.2673144	0.2326099
-60	0.000369931787710044	0.000178115305193725	0.000187901860424149	0.233591	0.2669347	0.2675489	0.2319252
-50	0.000485413139429052	0.000236834636576272	0.000225090770299762	0.2327247	0.2674744	0.2686976	0.2311031
-40	0.000692888110314051	0.000324913633650092	0.000307297834235328	0.2306049	0.2681787	0.2698974	0.2313192
-30	0.000843601060862587	0.000449202885076482	0.000456053473737779	0.2306333	0.2686683	0.2709625	0.2297357
-20	0.00122919133694131	0.000830878539063035	0.000518687427212496	0.2292314	0.2709677	0.2701251	0.229676
-10	0.00184182969436588	0.00108630763057711	0.000779988451864828	0.2277974	0.272086	0.2711472	0.2289695
0	0.00217750853876944	0.000993335355888081	0.00101095115530284	0.2278826	0.271572	0.2727922	0.2277529
10	0.0017547293528151	0.000663528444622777	0.00109120090819233	0.2288254	0.2706398	0.2717986	0.2287361
20	0.00111664595179143	0.000537281882150302	0.000761393996927022	0.2296837	0.2704829	0.2704262	0.229407
30	0.000822070639355653	0.000379718342940468	0.000453117507168652	0.2298857	0.2700809	0.2682632	0.2317701
40	0.000600894491148061	0.00025640774703712	0.000284788757205351	0.2302606	0.2688155	0.2695687	0.2313553
50	0.000413971286246954	0.000219218837161508	0.000221176148207592	0.2314761	0.2681453	0.2680376	0.2323412
60	0.000363081199048747	0.00021628287059238	0.000157563539209834	0.2317791	0.2665562	0.2673499	0.234315
70	0.000347422710680068	0.000167350094440258	0.000143862361887239	0.2327412	0.2662934	0.2652417	0.2357235
80	0.000315127078419667	0.000202581693269786	0.000131139840087688	0.2325307	0.2650375	0.2648179	0.2376141
90	0.000342529433064856	0.000188880515947192	0.000147776983979409	0.2337577	0.2639203	0.2641389	0.2381829
100	0.000297511279004903	0.00013994773979507	0.00013994773979507	0.2348859	0.2632827	0.2617631	0.2400686
110	0.000231941358961059	0.000134075806656815	0.000108630763057711	0.236177	0.262079	0.2598726	0.2418715
120	0.000229005392391932	0.000113524040672924	9.19936191659898e-05	0.2369419	0.2607035	0.2598198	0.2425346
130	0.000189859171470234	7.43778197512258e-05	9.49295857351171e-05	0.237716	0.2599934	0.2577036	0.2445869
140	0.000134075806656815	6.26339534747164e-05	7.63351307973107e-05	0.2382722	0.2586142	0.2580098	0.245104
150	0.000118417318288136	6.45912645208013e-05	5.96979869055891e-05	0.2384362	0.2589566	0.2570472	0.2455601
160	0.000117438662765093	6.36126089977589e-05	5.57833648134193e-05	0.2401967	0.2576663	0.2559839	0.2461531
170	9.29722746890322e-05	5.67620203364618e-05	5.2847398244292e-05	0.241046	0.2558611	0.2549291	0.2481642
180	0.000114502696195966	7.73137863203531e-05	2.93596656912733e-05	0.2414873	0.2546259	0.2549319	0.2489546
190	0.000122331940380306	6.26339534747164e-05	5.77406758595042e-05	0.243116	0.2544699	0.2519801	0.2504343
200	0.000130161184564645	6.26339534747164e-05	4.50181540599524e-05	0.2443767	0.2525829	0.2515017	0.2515392
210	9.88442078272869e-05	4.89327761521222e-05	6.75272310899287e-05	0.2450901	0.2506592	0.2497606	0.25449
220	0.000109609418580754	4.89327761521222e-05	3.62102543525704e-05	0.2471795	0.2491485	0.2487698	0.254902
230	8.02497528894804e-05	2.25090770299762e-05	6.06766424286315e-05	0.2474026	0.2495942	0.2471259	0.2558774
240	4.50181540599524e-05	0	3.13169767373582e-05	0.2476818	0.2481381	0.2467823	0.2573979
250	0	0	2.25090770299762e-05	0.248904833333333	0.246823166666667	0.246126666666667	0.258145833333333
