Distance from Center (cmd=annotatePeaks.pl /home/ec2-user/atac_analysis_gorkin/heatmaps/new_figure/motif_density_plots/I315I-R2_peaks.narrowPeak hg38 -m TEAD2_motif.txt -hist 10 -size 1000)	TEAD2(TEA)/Py2T-Tead2-ChIP-Seq(GSE55709)/Homer total sites	TEAD2(TEA)/Py2T-Tead2-ChIP-Seq(GSE55709)/Homer + sites	TEAD2(TEA)/Py2T-Tead2-ChIP-Seq(GSE55709)/Homer - sites	A frequency	C frequency	G frequency	T frequency
-500	1.68083046471601e-05	6.25268932874355e-05	0	0.273187	0.2280776	0.230051	0.2686844
-490	0.000262881884681583	0.000130432444061962	7.79905335628227e-05	0.2725958	0.2290904	0.2294205	0.2688931
-480	0.000236660929432014	0.000131777108433735	0.000118330464716007	0.2730443	0.2293203	0.2304429	0.2671927
-470	0.00026355421686747	0.000126398450946644	0.000125053786574871	0.2728982	0.2293082	0.2293297	0.2684642
-460	0.000256158562822719	0.000126398450946644	0.000124381454388985	0.2728489	0.2291377	0.2301203	0.267893
-450	0.00026355421686747	0.000130432444061962	0.00013648343373494	0.2722955	0.2300179	0.2299412	0.2677455
-440	0.000274311531841652	0.000137828098106713	0.000149930077452668	0.2720798	0.2301599	0.2305123	0.2672479
-430	0.000262209552495697	0.000141862091222031	0.000123709122203098	0.2720813	0.2304772	0.2308476	0.2665938
-420	0.000286413511187608	0.000141862091222031	0.000129087779690189	0.2716489	0.2307182	0.2310625	0.2665705
-410	0.000279017857142857	0.000124381454388985	0.000157998063683305	0.2720516	0.2308779	0.2306436	0.2664268
-400	0.000266915877796902	0.000129760111876076	0.000137828098106713	0.2714575	0.2313338	0.2314214	0.265787
-390	0.000285741179001721	0.000131777108433735	0.000141862091222031	0.2714987	0.2319392	0.2313023	0.2652599
-380	0.000244728915662651	0.000125726118760757	0.000137155765920826	0.2707746	0.2321358	0.2323151	0.2647743
-370	0.000266915877796902	0.000144551419965577	0.000138500430292599	0.270083	0.2321723	0.2332391	0.2645056
-360	0.000278345524956971	0.000125726118760757	0.00011967512908778	0.26937	0.2326801	0.2336101	0.2643399
-350	0.000274311531841652	0.000148585413080895	0.000131104776247849	0.2705449	0.2329043	0.2338555	0.2626953
-340	0.000274983864027539	0.000131777108433735	0.000155981067125645	0.2686924	0.2338714	0.2341867	0.2632496
-330	0.000275656196213425	0.000139172762478485	0.000129760111876076	0.2682761	0.2345302	0.2345093	0.2626846
-320	0.00027094987091222	0.000141189759036145	0.000141862091222031	0.2686891	0.2334766	0.2349374	0.2628965
-310	0.000303894148020654	0.000121692125645439	0.00016068739242685	0.2672213	0.2354303	0.2350139	0.2623346
-300	0.000279017857142857	0.000129087779690189	0.000162704388984509	0.2681103	0.2346372	0.2356366	0.2616158
-290	0.000288430507745267	0.000135138769363167	0.000145223752151463	0.267209	0.2355697	0.235612	0.2616092
-280	0.000294481497418244	0.000125726118760757	0.000161359724612737	0.2670083	0.2355522	0.236992	0.2604475
-270	0.000297843158347676	0.000158670395869191	0.000137155765920826	0.265837	0.2367333	0.2371348	0.2602951
-260	0.000285068846815835	0.000153964070567986	0.000166738382099828	0.2663957	0.2371669	0.2376422	0.258795
-250	0.000343561746987952	0.000173461703958692	0.000155981067125645	0.265512	0.2373412	0.2378336	0.2593132
-240	0.000326753442340792	0.000166066049913941	0.000168083046471601	0.2639015	0.238125	0.2381505	0.2598228
-230	0.000328770438898451	0.000164721385542169	0.000149930077452668	0.2634315	0.2390555	0.2398039	0.2577093
-220	0.00035700839070568	0.000172117039586919	0.000175478700516351	0.2633191	0.2395087	0.2407815	0.2563905
-210	0.000311289802065404	0.000151947074010327	0.000163376721170396	0.2612779	0.2398743	0.2423601	0.2564874
-200	0.000344906411359725	0.000174134036144578	0.000183546686746988	0.2601237	0.2407056	0.2436722	0.2554985
-190	0.000363731712564544	0.000187580679862306	0.000176151032702238	0.258039	0.2423464	0.2452478	0.2543666
-180	0.000371799698795181	0.000185563683304647	0.000170772375215146	0.2580543	0.2433136	0.2454656	0.2531665
-170	0.000332804432013769	0.000173461703958692	0.000187580679862306	0.2561756	0.2441446	0.2468013	0.2528783
-160	0.000393986660929432	0.000182874354561102	0.000184891351118761	0.2556941	0.2454364	0.2467038	0.2521654
-150	0.000368438037865749	0.000201027323580034	0.00018690834767642	0.2551246	0.2462088	0.2477472	0.2509196
-140	0.00040743330464716	0.000207078313253012	0.000182202022375215	0.2543823	0.2472904	0.2484211	0.249906
-130	0.000420879948364888	0.000199682659208262	0.000215146299483649	0.2532274	0.2480439	0.2493303	0.2493982
-120	0.000410122633390706	0.000212456970740103	0.000198337994836489	0.2523243	0.2482918	0.2509815	0.2484022
-110	0.000402054647160069	0.000212456970740103	0.000201699655765921	0.2504658	0.2501566	0.2504817	0.2488959
-100	0.000459202882960413	0.000214473967297762	0.000230609939759036	0.249609	0.2509823	0.251531	0.2478777
-90	0.000465253872633391	0.000240694922547332	0.000240022590361446	0.2492146	0.2517876	0.2524408	0.2465569
-80	0.00049349182444062	0.000258175559380379	0.000258175559380379	0.2485255	0.2529432	0.2537878	0.2447435
-70	0.000527780765920826	0.000258847891566265	0.000229265275387263	0.2463873	0.2545473	0.2543124	0.244753
-60	0.000579550344234079	0.000296498493975904	0.000302549483648881	0.2450573	0.2546223	0.2553952	0.2449253
-50	0.000613166953528399	0.000301877151462995	0.000283724182444062	0.244077	0.2557116	0.2555822	0.2446291
-40	0.00059434165232358	0.000321374784853701	0.000303221815834768	0.2438209	0.2559992	0.2564882	0.2436917
-30	0.00067838317555938	0.000329442771084337	0.000322047117039587	0.2425979	0.2555347	0.2570802	0.2447875
-20	0.00067098752151463	0.000350285068846816	0.000336838425129088	0.2429798	0.2563495	0.2570173	0.2436531
-10	0.000670315189328744	0.000341544750430293	0.000334821428571429	0.2426104	0.2578173	0.2581189	0.2414534
0	0.000729480421686747	0.000354991394148021	0.000352302065404475	0.2418625	0.2574122	0.2582162	0.242509
10	0.000666281196213425	0.000377850688468158	0.000356336058519793	0.2420518	0.2576175	0.2580095	0.2423212
20	0.000718050774526678	0.000315323795180723	0.000338855421686747	0.2426087	0.2564241	0.2575515	0.2434156
30	0.000686451161790017	0.000346923407917384	0.000359025387263339	0.2426081	0.2571757	0.2563643	0.243852
40	0.000640060240963855	0.000284396514629948	0.000326081110154905	0.2435173	0.2566963	0.2556478	0.2441388
50	0.000599720309810671	0.000315323795180723	0.000307255808950086	0.2445954	0.2557192	0.2555333	0.2441523
60	0.000578205679862306	0.000262209552495697	0.000307928141135972	0.2445745	0.2552469	0.2545036	0.2456749
70	0.000512989457831325	0.000258847891566265	0.000265571213425129	0.2447321	0.2533393	0.2555831	0.2463455
80	0.000487440834767642	0.000242711919104991	0.000247418244406196	0.2455416	0.2532307	0.2535736	0.247654
90	0.000471304862306368	0.000238677925989673	0.000223886617900172	0.2460183	0.2530179	0.2517289	0.2492347
100	0.000482062177280551	0.000233971600688468	0.000244728915662651	0.246968	0.2519709	0.2506359	0.2504251
110	0.000469287865748709	0.000217835628227194	0.000248762908777969	0.2475442	0.2501766	0.2510132	0.2512657
120	0.000411467297762478	0.000216490963855422	0.000213801635111876	0.2491647	0.2491465	0.2497976	0.2518915
130	0.00041684595524957	0.000183546686746988	0.000214473967297762	0.2495345	0.2489606	0.248081	0.2534241
140	0.000383901678141136	0.00018690834767642	0.000218507960413081	0.2495255	0.2481504	0.2472628	0.2550613
150	0.000390625	0.000187580679862306	0.000185563683304647	0.2498975	0.2474004	0.2473593	0.2553429
160	0.000354319061962134	0.000163376721170396	0.000195648666092943	0.2516232	0.2465668	0.2459317	0.2558783
170	0.000336166092943201	0.000185563683304647	0.000170772375215146	0.2521706	0.2458596	0.2450954	0.2568745
180	0.000369110370051635	0.000164721385542169	0.00017010004302926	0.2526527	0.2447999	0.2451796	0.2573679
190	0.000324064113597246	0.000172117039586919	0.00016068739242685	0.2540923	0.2437962	0.2437046	0.2584064
200	0.000320030120481928	0.000152619406196213	0.000169427710843373	0.2542163	0.2436361	0.2418078	0.2603399
210	0.000336166092943201	0.000169427710843373	0.000164721385542169	0.2558676	0.2407975	0.2411861	0.2621488
220	0.000313306798623064	0.000162704388984509	0.000186236015490534	0.2567547	0.2396426	0.2400479	0.263555
230	0.000348268072289157	0.000162032056798623	0.000180185025817556	0.2582207	0.2394722	0.2389375	0.2633697
240	0.000291792168674699	0.000147913080895009	0.000140517426850258	0.258038	0.2380632	0.2387723	0.2651261
250	0.000333476764199656	0.000161359724612737	0.000155308734939759	0.2589908	0.2375762	0.2372071	0.2662257
260	0.000305911144578313	0.000155981067125645	0.000162704388984509	0.2590103	0.2378845	0.2367207	0.2663845
270	0.000250107573149742	0.000144551419965577	0.000121019793459552	0.2597255	0.2372312	0.2368488	0.2661945
280	0.00028775817555938	0.000139845094664372	0.000121692125645439	0.2603572	0.2356884	0.2363161	0.2676385
290	0.000279690189328744	0.000147913080895009	0.000121692125645439	0.2603741	0.2360247	0.236294	0.2673071
300	0.000291792168674699	0.000157998063683305	0.000146568416523236	0.2608921	0.2355373	0.2357988	0.2677719
310	0.000291119836488812	0.000137828098106713	0.000145896084337349	0.2612632	0.2345837	0.2352316	0.2689217
320	0.000268932874354561	0.000148585413080895	0.000131104776247849	0.2615696	0.2350044	0.234934	0.2684921
330	0.000273639199655766	0.000138500430292599	0.000137828098106713	0.2621407	0.2349225	0.2340442	0.2688926
340	0.000269605206540448	0.000130432444061962	0.000125053786574871	0.2635324	0.233851	0.2333196	0.2692967
350	0.000283051850258176	0.000140517426850258	0.000129760111876076	0.26296	0.2335718	0.2331856	0.2702825
360	0.000243384251290878	0.000131777108433735	0.000141862091222031	0.2628684	0.2332343	0.2335387	0.2703585
370	0.000256830895008606	0.000134466437177281	0.000115641135972461	0.2641358	0.2327473	0.2325143	0.2706023
380	0.000274311531841652	0.000135138769363167	0.000129087779690189	0.2642766	0.231934	0.2326121	0.2711776
390	0.000252796901893287	0.000144551419965577	0.000125053786574871	0.2649081	0.2321027	0.231775	0.2712143
400	0.00029717082616179	0.000130432444061962	0.000142534423407917	0.2654897	0.2313079	0.2319384	0.2712641
410	0.000261537220309811	0.00011967512908778	0.000139845094664372	0.2658095	0.2306149	0.2313202	0.2722551
420	0.000253469234079174	0.00014387908777969	0.000131777108433735	0.2661571	0.2305787	0.2307364	0.272528
430	0.000288430507745267	0.000129760111876076	0.00013648343373494	0.2670239	0.2301005	0.2304568	0.2724189
440	0.000257503227194492	0.000129087779690189	0.000134466437177281	0.266265	0.2304352	0.2301315	0.2731684
450	0.000277673192771084	0.000133121772805508	0.000146568416523236	0.2677613	0.2303559	0.2293104	0.2725723
460	0.000252796901893287	0.000144551419965577	0.000125053786574871	0.2680426	0.2298506	0.2299463	0.2721603
470	0.000268932874354561	0.000151947074010327	0.000123709122203098	0.2674836	0.2294056	0.2297835	0.2733272
480	0.000281707185886403	0.000131104776247849	0.000134466437177281	0.2683268	0.2297962	0.2286081	0.2732687
490	0.000278345524956971	9.54711703958692e-05	0.000137828098106713	0.2679519	0.2295671	0.2289496	0.2735314
500	4.10122633390706e-05	0	8.26968588640275e-05	0.267902	0.2291145	0.229797166666667	0.2731865
