Distance from Center (cmd=annotatePeaks.pl /home/ec2-user/atac_analysis_gorkin/heatmaps/new_figure/motif_density_plots/WT281-R1_peaks.narrowPeak hg38 -m TEAD2_motif.txt -hist 10 -size 1000)	TEAD2(TEA)/Py2T-Tead2-ChIP-Seq(GSE55709)/Homer total sites	TEAD2(TEA)/Py2T-Tead2-ChIP-Seq(GSE55709)/Homer + sites	TEAD2(TEA)/Py2T-Tead2-ChIP-Seq(GSE55709)/Homer - sites	A frequency	C frequency	G frequency	T frequency
-500	1.39198218262806e-05	6.80524622618164e-05	0	0.2758202	0.2267274	0.2269194	0.2705332
-490	0.000267569908438505	0.000134558277654046	8.35189309576837e-05	0.2756616	0.226685	0.226607	0.2710465
-480	0.000273756495916852	0.000136620473480162	0.000138682669306277	0.2751922	0.2266084	0.2269994	0.2712
-470	0.000260867772003629	0.000150540295306442	0.000118060711045121	0.2747551	0.2273529	0.2264966	0.2713953
-460	0.000284067475047431	0.000135589375567104	0.000145384805741153	0.2749568	0.226924	0.2272874	0.2708316
-450	0.000270663202177679	0.000133011630784459	0.000126825043306112	0.2755831	0.227193	0.2268559	0.2703681
-440	0.000256227831394869	0.000130433886001815	0.000120122906871236	0.2748293	0.2269976	0.2271573	0.2710156
-430	0.00027478759382991	0.000134558277654046	0.000141775963045451	0.2751505	0.2276698	0.2267371	0.2704426
-420	0.000269632104264621	0.000122700651653881	0.000136620473480162	0.2749608	0.2271011	0.2274985	0.2704394
-410	0.00027478759382991	0.000143838158871566	0.000144353707828095	0.2749288	0.2281092	0.2274234	0.2695386
-400	0.000287160768786604	0.000134558277654046	0.000148993648436856	0.2735307	0.2284997	0.2284444	0.2695251
-390	0.000273240946960323	0.000141260414088922	0.000137136022436691	0.2737668	0.2289658	0.2284946	0.2687729
-380	0.000268601006351563	0.000133527179740988	0.000135589375567104	0.2739852	0.2290587	0.2291879	0.2677681
-370	0.000273756495916852	0.000148478099480327	0.00013249608182793	0.2728854	0.2297037	0.229277	0.2681336
-360	0.00028922296461272	0.00012785614121917	0.000144869256784624	0.2726486	0.2297366	0.2297528	0.2678621
-350	0.000286129670873546	0.000163429019219665	0.000137136022436691	0.2732842	0.2300899	0.229279	0.2673474
-340	0.000295409552091067	0.000125278396436526	0.000154149138002145	0.2722639	0.2302086	0.2307268	0.2668005
-330	0.000316547059308752	0.000145900354697682	0.000157242431741318	0.2726982	0.2308378	0.2305833	0.2658806
-320	0.000315515961395694	0.000144869256784624	0.000181473232698177	0.2714739	0.2307538	0.2312364	0.2665357
-310	0.00027478759382991	0.000153633589045616	0.000150540295306442	0.2713846	0.2311168	0.2312523	0.2662461
-300	0.000287676317743133	0.000124762847479997	0.000124762847479997	0.2708793	0.2315994	0.2317197	0.2658015
-290	0.000307267178091232	0.000149509197393384	0.000166522312958839	0.2710398	0.2321585	0.2318648	0.2649366
-280	0.000285098572960488	0.000157757980697847	0.000155695784871731	0.2704836	0.231342	0.2332479	0.2649264
-270	0.000307267178091232	0.000138682669306277	0.00015621133382826	0.270523	0.2327182	0.2326042	0.2641545
-260	0.000312422667656521	0.000141775963045451	0.000150024746349913	0.2696256	0.2321817	0.2342093	0.2639831
-250	0.000303142786439	0.00017992658582859	0.000153633589045616	0.2688915	0.2333532	0.2340694	0.2636857
-240	0.000326342489482801	0.000150024746349913	0.000155180235915203	0.2684289	0.2338504	0.2343692	0.263351
-230	0.000329951332178504	0.000167553410871896	0.000183535428524293	0.2672564	0.2346807	0.235023	0.26304
-220	0.000308298276004289	0.000165491215045781	0.000136620473480162	0.2667913	0.2351257	0.2362647	0.2618183
-210	0.000309844922873876	0.000156726882784789	0.000142807060958509	0.2651954	0.2361258	0.2378801	0.2607988
-200	0.000319124804091396	0.000187144271219995	0.000158273529654376	0.2641763	0.2370784	0.2392663	0.2594791
-190	0.000371195248700817	0.000183019879567764	0.000170131155654541	0.2628631	0.238797	0.2399255	0.2584143
-180	0.000380990678874866	0.000197970799307102	0.000179411036872061	0.2626141	0.23901	0.2406493	0.2577263
-170	0.000372741895570403	0.000187659820176524	0.000177864390002475	0.2620045	0.2390132	0.2415183	0.2574642
-160	0.000396457147570733	0.000208797327394209	0.000189206467046111	0.2606024	0.2410295	0.241359	0.2570091
-150	0.000444918749484451	0.0002371525200033	0.000214468365916027	0.2594206	0.2415468	0.2423487	0.256684
-140	0.000433061123484286	0.000210859523220325	0.00021807720861173	0.2587237	0.2422992	0.2428623	0.256115
-130	0.000426874536005939	0.000201064093046276	0.000219623855481317	0.2578909	0.243515	0.2440031	0.2545914
-120	0.000416048007918832	0.000233028128351068	0.00021343726800297	0.2570021	0.2436184	0.2445672	0.2548124
-110	0.000446980945310567	0.000228388187742308	0.000201579642002805	0.2561161	0.2452988	0.2453339	0.2532512
-100	0.000457291924441145	0.000243339107481646	0.00022735708982925	0.2554339	0.246162	0.2459865	0.2524177
-90	0.000498535840963458	0.000249525694959993	0.000217561659655201	0.2540006	0.2467851	0.2468424	0.2523718
-80	0.000505753526354863	0.000267054359481976	0.000247463499133878	0.2527075	0.2474551	0.2478414	0.251996
-70	0.000556792873051225	0.000268601006351563	0.000272725398003794	0.2519469	0.2479916	0.2494585	0.250603
-60	0.000584116967747257	0.000322733646787099	0.00028922296461272	0.2504253	0.2490768	0.2501631	0.2503345
-50	0.000685164563226924	0.000335106821743793	0.000332013528004619	0.2497965	0.2497461	0.2503355	0.250122
-40	0.000700115482966262	0.00035521323104842	0.000349026643570073	0.249839	0.2500666	0.2515127	0.2485818
-30	0.000698053287140147	0.000358822073744123	0.000352635486265776	0.2489962	0.2510559	0.2509391	0.2490088
-20	0.000782087767054359	0.000403674832962138	0.000384599521570568	0.2481506	0.2515235	0.2512199	0.2491058
-10	0.000767136847315021	0.000389239462179329	0.000376866287222635	0.2477633	0.252459	0.2521698	0.2476075
0	0.000806318568011218	0.000406252577744783	0.000361915367483296	0.2469911	0.2522732	0.2527746	0.2479613
10	0.000806318568011218	0.000400065990266436	0.000422234595397179	0.2476571	0.2522619	0.2522814	0.2477997
20	0.000796523137837169	0.000368617503918172	0.000427390084962468	0.2486603	0.2517523	0.2512386	0.2483491
30	0.000722284088097006	0.000368617503918172	0.000358822073744123	0.2491001	0.2517746	0.250172	0.2489535
40	0.00070114658087932	0.000327889136352388	0.000361915367483296	0.2492033	0.2507124	0.2505033	0.2495807
50	0.000655778272704776	0.000318093706178339	0.000362946465396354	0.2493671	0.2502391	0.2501264	0.2502675
60	0.000589272457312546	0.000269116555308092	0.000285614121917017	0.2497439	0.2498888	0.2487298	0.2516371
70	0.000583601418790728	0.000272209849047266	0.000316031510352223	0.2505142	0.2484315	0.2490842	0.2519702
80	0.000526891033572548	0.00024179246061206	0.000276849789656026	0.2516243	0.2473443	0.2478337	0.2531979
90	0.000486678214963293	0.000252618988699167	0.000273240946960323	0.2525446	0.2455627	0.2476116	0.254281
100	0.000504206879485276	0.000241276911655531	0.000225294894003135	0.2530625	0.2451772	0.2457819	0.255978
110	0.000465540707745608	0.000229934834611895	0.000271178751134208	0.25281	0.2456368	0.2448758	0.256677
120	0.00044079435783222	0.000200548544089747	0.000215499463829085	0.2536068	0.244182	0.2448014	0.2574098
130	0.000418625752701477	0.000217561659655201	0.000216015012785614	0.2544458	0.2431963	0.2439275	0.2584303
140	0.000435638868266931	0.00021807720861173	0.000225294894003135	0.2553121	0.2428886	0.2429423	0.2588566
150	0.000406768126701312	0.000185597624350408	0.000209312876350738	0.2554048	0.2426895	0.2425616	0.2593441
160	0.00036964860183123	0.000191268662872226	0.00018972201600264	0.2554951	0.2420669	0.2418657	0.2605723
170	0.000386146168440155	0.000202610739915862	0.000180957683741648	0.256809	0.2410277	0.2412591	0.2609042
180	0.000366039759135528	0.000187144271219995	0.00017528664521983	0.2578844	0.2402388	0.2403663	0.2615103
190	0.000367070857048585	0.000170131155654541	0.00019900189722016	0.2578529	0.2396349	0.2393606	0.2631516
200	0.000345417800874371	0.000154149138002145	0.000178379938959004	0.2592758	0.2383364	0.2375681	0.2648196
210	0.000329951332178504	0.000172193351480657	0.00017528664521983	0.2606693	0.2373402	0.2361013	0.265889
220	0.00032685803843933	0.000167553410871896	0.000164460117132723	0.2610843	0.2358579	0.2355821	0.2674754
230	0.000315515961395694	0.000183535428524293	0.000133011630784459	0.2620569	0.234594	0.2355635	0.2677856
240	0.000330466881135033	0.000159820176523963	0.000158273529654376	0.2624816	0.2341742	0.2339712	0.2693731
250	0.000302627237482471	0.000157242431741318	0.000144353707828095	0.263681	0.2329688	0.2338986	0.2694515
260	0.00030778272704776	0.000136104924523633	0.000148993648436856	0.2639769	0.2319997	0.2334468	0.2705766
270	0.000288191866699662	0.000144869256784624	0.000168584508784954	0.2631419	0.2332702	0.2326175	0.2709705
280	0.000304173884352058	0.000135589375567104	0.000145900354697682	0.2640123	0.2324968	0.2320004	0.2714909
290	0.000277880887569084	0.000147447001567269	0.000161366823393549	0.2645423	0.2322245	0.232557	0.270676
300	0.000292316258351893	0.000140229316175864	0.000135589375567104	0.2640871	0.2316091	0.2327211	0.2715826
310	0.000259321125134043	0.000150024746349913	0.000130433886001815	0.2652322	0.2312415	0.2317206	0.2718057
320	0.00029386290522148	0.00014229151200198	0.000134558277654046	0.2659744	0.2312883	0.2317663	0.270971
330	0.000275303142786439	0.000140229316175864	0.000133011630784459	0.2654705	0.2307131	0.2316781	0.2721383
340	0.000273240946960323	0.000130433886001815	0.000144353707828095	0.2667473	0.2303358	0.2300502	0.2728668
350	0.000266538810525448	0.000145900354697682	0.000134558277654046	0.2670024	0.2299289	0.230612	0.272457
360	0.000291285160438835	0.00014229151200198	0.000136620473480162	0.2677477	0.2291802	0.2299037	0.2731682
370	0.00027014765322115	0.000134042728697517	0.000137136022436691	0.2679801	0.2286351	0.2296289	0.2737557
380	0.000262929967829745	0.000128887239132228	0.000129402788088757	0.2684612	0.2284002	0.2291364	0.2740022
390	0.000256227831394869	0.000128371690175699	0.00012785614121917	0.2691652	0.2275375	0.2288127	0.2744849
400	0.000269632104264621	0.000147447001567269	0.000141260414088922	0.2680943	0.2279188	0.2284218	0.275565
410	0.000278911985482141	0.000140744865132393	0.000125793945393055	0.269826	0.2272441	0.2281662	0.2747635
420	0.000283551926090902	0.000152602491132558	0.0001515713932195	0.2695626	0.2284591	0.2273893	0.2745891
430	0.000301080590612885	0.000134558277654046	0.000136104924523633	0.2703427	0.2276087	0.2271941	0.2748546
440	0.000259836674090572	0.000144869256784624	0.000140229316175864	0.2705462	0.2263052	0.2282551	0.2748938
450	0.000303658335395529	0.000139713767219335	0.000140744865132393	0.2703968	0.2268457	0.2273035	0.2754541
460	0.00026550771261239	0.000143322609915038	0.000137136022436691	0.270715	0.2264017	0.2272998	0.2755834
470	0.000259321125134043	0.000131464983914873	0.000119607357914708	0.2702359	0.2272556	0.2264291	0.2760797
480	0.000268601006351563	0.000131464983914873	0.000131464983914873	0.2712932	0.2275143	0.2255455	0.2756471
490	0.000277365338612555	0.000100016497566609	0.000141775963045451	0.2718873	0.2266628	0.2265496	0.2748998
500	4.27905633918997e-05	0	8.30033820011548e-05	0.270987666666667	0.227263666666667	0.2259525	0.275795833333333
