Distance from Center (cmd=annotatePeaks.pl /home/ec2-user/atac_analysis_gorkin/heatmaps/new_figure/motif_density_plots/WT281-R2_peaks.narrowPeak hg38 -m TEAD2_motif.txt -hist 10 -size 1000)	TEAD2(TEA)/Py2T-Tead2-ChIP-Seq(GSE55709)/Homer total sites	TEAD2(TEA)/Py2T-Tead2-ChIP-Seq(GSE55709)/Homer + sites	TEAD2(TEA)/Py2T-Tead2-ChIP-Seq(GSE55709)/Homer - sites	A frequency	C frequency	G frequency	T frequency
-500	1.28398549096395e-05	7.89651076942831e-05	0	0.2743024	0.2278898	0.2275904	0.2702174
-490	0.000304304561358457	0.000143164382242481	8.0891085930729e-05	0.2741762	0.2281718	0.2276926	0.2699596
-480	0.00026963695310243	0.000132250505569287	0.000143164382242481	0.2736615	0.2289044	0.2275335	0.2699006
-470	0.000270920938593394	0.000129682534587359	0.000141238404006035	0.2738942	0.2275618	0.2285161	0.2700278
-460	0.000257439090938272	0.000129040541841877	0.000134176483805733	0.2736274	0.22812	0.2285186	0.269734
-450	0.000257439090938272	0.000128398549096395	0.000121978621641575	0.2731895	0.2284183	0.2287483	0.269644
-440	0.000240747279555741	0.000119410650659648	0.000132250505569287	0.2735727	0.2278892	0.2291887	0.2693496
-430	0.00026642698937502	0.000154720251661156	0.000122620614387057	0.2731667	0.2286911	0.229473	0.268669
-420	0.000305588546849421	0.000139954418515071	0.000141238404006035	0.2725739	0.2296169	0.2291849	0.268624
-410	0.000301736590376529	0.000152152280679228	0.000145732353224409	0.2724318	0.2304093	0.2294454	0.2677135
-400	0.000268994960356948	0.000126472570859949	0.000148942316951818	0.2715064	0.2302674	0.2302808	0.2679455
-390	0.000261933040156646	0.000130966520078323	0.000145090360478927	0.2712967	0.2311855	0.2299362	0.2675815
-380	0.000252945141719899	0.000134818476551215	0.000116200686932238	0.2718672	0.2307728	0.23094	0.2664202
-370	0.000305588546849421	0.000145732353224409	0.000161140179115976	0.271525	0.2316121	0.2307836	0.2660792
-360	0.000288896735466889	0.000123904599878021	0.000143164382242481	0.2713842	0.2315753	0.2310918	0.2659488
-350	0.000258723076429236	0.000125830578114467	0.000140596411260553	0.2711663	0.2316556	0.2317561	0.2654221
-340	0.000268994960356948	0.000130966520078323	0.000150226302442782	0.27059	0.2326075	0.2319823	0.2648201
-330	0.000273488909575322	0.000148942316951818	0.000139954418515071	0.2698625	0.2328378	0.2326757	0.2646241
-320	0.000274130902320804	0.000136744454787661	0.000125188585368985	0.269298	0.2338127	0.2330926	0.2637969
-310	0.00027926684428466	0.000135460469296697	0.000133534491060251	0.2696657	0.2340788	0.232994	0.2632612
-300	0.000301094597631047	0.000150868295188264	0.000164350142843386	0.2686369	0.2346102	0.2331966	0.2635564
-290	0.000310724488813276	0.000148300324206336	0.000147016338715373	0.2680395	0.2342384	0.2343265	0.2633957
-280	0.00031842840175906	0.000158572208134048	0.000157288222643084	0.2691877	0.23396	0.2346223	0.2622299
-270	0.000289538728212371	0.000155362244406638	0.000153436266170192	0.268379	0.2335882	0.2363084	0.2617243
-260	0.000295958655667191	0.000147658331460854	0.000139954418515071	0.2677129	0.2351981	0.2352206	0.2618689
-250	0.000290180720957853	0.000147016338715373	0.000138028440278625	0.2672241	0.2349863	0.2363502	0.2614394
-240	0.000317144416268096	0.000151510287933746	0.000176548005007543	0.2662193	0.2356461	0.2369071	0.2612277
-230	0.00030879851057683	0.000155362244406638	0.000142522389496999	0.2651704	0.2363204	0.2378433	0.260666
-220	0.00031521843803165	0.000164350142843386	0.000155362244406638	0.2640487	0.2375702	0.2392754	0.259106
-210	0.000335120213141592	0.000186177896189773	0.00016563412833435	0.2632194	0.2390389	0.2394158	0.258326
-200	0.000349886046287677	0.000158572208134048	0.00015279427342471	0.2619138	0.2390585	0.2417608	0.257267
-190	0.000347960068051231	0.000174622026771097	0.000196449780117485	0.2607146	0.2408666	0.2424261	0.2559925
-180	0.000353738002760569	0.000173980034025616	0.00016563412833435	0.2598788	0.2420241	0.2427675	0.2553296
-170	0.000399319487689789	0.000198375758353931	0.000189387859917183	0.2588196	0.2424247	0.2437882	0.2549675
-160	0.000374281770615992	0.00021121561326357	0.000209931627772606	0.2577693	0.2437764	0.2447232	0.2537308
-150	0.000414727313581357	0.000197091772862967	0.000199017751099413	0.2575032	0.2442797	0.2449137	0.2533033
-140	0.000398677494944307	0.000216351555227426	0.000190029852662665	0.2570453	0.244805	0.2460293	0.2521206
-130	0.000442333001637082	0.000226623439155138	0.000194523801881039	0.2554794	0.2449643	0.2468834	0.2526729
-120	0.000443616987128045	0.000216993547972908	0.000231759381118993	0.2541501	0.2475637	0.2467346	0.2515516
-110	0.000487914486566302	0.000267710974865984	0.000247167207010561	0.2537116	0.2480776	0.2479046	0.2503064
-100	0.000491124450293712	0.000222129489936764	0.000225981446409656	0.2525688	0.2485482	0.2484878	0.2503952
-90	0.000500112348730459	0.000256155105447308	0.00025679709819279	0.2510023	0.2498699	0.2497334	0.2493943
-80	0.000536705935222932	0.000262575032902128	0.000267710974865984	0.2494272	0.2499879	0.2512305	0.2493541
-70	0.000561101659551247	0.000292748691939781	0.000268352967611466	0.249561	0.2516871	0.2511406	0.2476114
-60	0.000625942926844927	0.000322280358231952	0.000304304561358457	0.248765	0.2518365	0.2523984	0.2470004
-50	0.000668956440792219	0.000356947966487979	0.000347960068051231	0.2470127	0.2523345	0.2529713	0.2476813
-40	0.000672166404519629	0.000346676082560267	0.000331910249414182	0.2469745	0.2524499	0.2546574	0.245918
-30	0.0007408596282862	0.000371713799634064	0.000340898147850929	0.246711	0.2532099	0.2534043	0.246675
-20	0.000776811222033191	0.000406381407890091	0.00038647963278015	0.2459882	0.2543277	0.2535211	0.246163
-10	0.000782589156742529	0.000398677494944307	0.000385837640034668	0.2456699	0.255361	0.253974	0.2449951
0	0.000794145026161204	0.000388405611016596	0.000397393509453343	0.2450563	0.2545733	0.254623	0.2457476
10	0.00080249093185247	0.000435913074182262	0.000384553654543704	0.2451662	0.2548735	0.2550413	0.2449188
20	0.000787725098706385	0.000377491734343402	0.000398035502198825	0.2457471	0.2542717	0.2543002	0.2456809
30	0.000748563541231984	0.000371071806888582	0.000353738002760569	0.2456333	0.254026	0.2537133	0.2466274
40	0.00069527814335698	0.000342824126087375	0.000351170031778641	0.24581	0.2540989	0.2533424	0.2467491
50	0.00064969665842776	0.000314576445286168	0.000342182133341893	0.2472763	0.2526125	0.2526548	0.2474561
60	0.000615029050171733	0.000313292459795204	0.000315860430777132	0.2465471	0.2531166	0.2518705	0.248466
70	0.000592559304079864	0.00025679709819279	0.000292106699194299	0.2474112	0.2514918	0.2518762	0.2492208
80	0.000522582094822329	0.000261933040156646	0.000284402786248515	0.2488665	0.25039	0.2504608	0.2502826
90	0.000539915898950342	0.000247167207010561	0.00027605688055725	0.2494622	0.2488749	0.2499644	0.2516986
100	0.000499470355984977	0.000238179308573813	0.000261291047411164	0.2505231	0.2471353	0.2497714	0.2525702
110	0.000465444740474433	0.000215709562481944	0.00026321702564761	0.250532	0.2476248	0.2473121	0.2545308
120	0.000423073219272622	0.000222129489936764	0.000219561518954836	0.2505014	0.2474755	0.2471501	0.2548728
130	0.000461592784001541	0.000209289635027124	0.000224697460918692	0.2516961	0.2460711	0.2466825	0.2555501
140	0.00041601129907232	0.00020479568580875	0.000233043366609957	0.2527109	0.2453419	0.2453142	0.256633
150	0.000404455429653645	0.000198375758353931	0.000183609925207845	0.2527549	0.2442591	0.2452861	0.2577001
160	0.000393541552980451	0.000186177896189773	0.00020800564953616	0.25377	0.2438629	0.2441741	0.2581929
170	0.000353738002760569	0.000182967932462363	0.000202227714826822	0.2551428	0.2436115	0.2428303	0.2584154
180	0.000374923763361474	0.000183609925207845	0.000187461881680737	0.2551293	0.2425131	0.2429126	0.2594452
190	0.0003704298141431	0.000179115975989471	0.00016884409206176	0.2558559	0.2412287	0.2418042	0.261111
200	0.000337688184123519	0.000170128077552724	0.000181041954225917	0.2564911	0.2398626	0.241199	0.2624474
210	0.00032805829294129	0.000177831990498507	0.000170770070298206	0.2585066	0.2388644	0.2386923	0.2639366
220	0.000356947966487979	0.000177189997753025	0.000166918113825314	0.2582489	0.2379721	0.2390449	0.2647339
230	0.000340898147850929	0.000173980034025616	0.000166918113825314	0.2603699	0.2370988	0.2371117	0.2654196
240	0.000340256155105447	0.000177831990498507	0.000161140179115976	0.2601126	0.2365821	0.2367885	0.2665171
250	0.000331910249414182	0.000143806374987963	0.000164350142843386	0.2613214	0.235325	0.2360424	0.2673111
260	0.000282476808012069	0.000137386447533143	0.000163066157352422	0.2619628	0.2354253	0.2353385	0.2672735
270	0.000299168619394601	0.000156646229897602	0.000139954418515071	0.2616056	0.2357065	0.2344558	0.2682323
280	0.00032163836548647	0.000170770070298206	0.000159856193625012	0.2614874	0.2339059	0.2354166	0.26919
290	0.000286328764484961	0.000137386447533143	0.000129040541841877	0.2617923	0.2339793	0.234917	0.2693115
300	0.000264501011138574	0.000124546592623503	0.000145732353224409	0.2629106	0.2332422	0.2338171	0.2700298
310	0.000273488909575322	0.000147016338715373	0.000148300324206336	0.2634882	0.2320711	0.2345972	0.2698435
320	0.000301094597631047	0.00015600423715212	0.000129040541841877	0.2639179	0.2320174	0.2333603	0.2707039
330	0.000274772895066286	0.000129040541841877	0.000147658331460854	0.2639096	0.2324413	0.2330741	0.2705748
340	0.00027926684428466	0.000153436266170192	0.000122620614387057	0.2650793	0.2320909	0.2320272	0.2708024
350	0.000277982858793696	0.000132892498314769	0.000147016338715373	0.2646362	0.2314521	0.2319836	0.271928
360	0.000272204924084358	0.000138028440278625	0.000131608512823805	0.2653495	0.231494	0.2314907	0.2716655
370	0.000274130902320804	0.000132892498314769	0.000137386447533143	0.2654518	0.2312	0.2309861	0.272362
380	0.000244599236028633	0.000130966520078323	0.000130324527332841	0.2667658	0.2304337	0.2296015	0.2731994
390	0.00027926684428466	0.000152152280679228	0.000121336628896093	0.2674731	0.2300425	0.2302484	0.2722359
400	0.000252303148974417	0.000140596411260553	0.000123904599878021	0.2677143	0.2290703	0.2303107	0.2729047
410	0.00027926684428466	0.000143164382242481	0.000124546592623503	0.2680146	0.2293725	0.2290972	0.2735158
420	0.000242031265046705	0.000129040541841877	0.000111706737713864	0.2684545	0.2295345	0.2285107	0.2735004
430	0.00027605688055725	0.000134818476551215	0.000125830578114467	0.269187	0.2289887	0.2277319	0.2740926
440	0.000257439090938272	0.000121978621641575	0.000141880396751517	0.2687054	0.2283506	0.2286517	0.2742926
450	0.000281192822521106	0.000139312425769589	0.000136744454787661	0.2692765	0.2280084	0.2286188	0.2740963
460	0.000270920938593394	0.000150868295188264	0.000139312425769589	0.2689717	0.228521	0.2282099	0.2742977
470	0.000254871119956344	0.000130966520078323	0.000131608512823805	0.2696584	0.2274523	0.2286645	0.2742251
480	0.000286970757230443	0.000133534491060251	0.000123262607132539	0.2692802	0.2277311	0.2283551	0.2746334
490	0.000283760793503033	0.000109138766731936	0.000142522389496999	0.2701632	0.2278579	0.2269981	0.2749808
500	4.04455429653645e-05	0	8.66690206400668e-05	0.270268333333333	0.227805666666667	0.227085	0.274841
