Distance from Center (cmd=annotatePeaks.pl /home/ec2-user/atac_analysis_gorkin/heatmaps/new_figure/motif_density_plots/I315I-R1_peaks.narrowPeak hg38 -m TEAD2_motif.txt -hist 10 -size 1000)	TEAD2(TEA)/Py2T-Tead2-ChIP-Seq(GSE55709)/Homer total sites	TEAD2(TEA)/Py2T-Tead2-ChIP-Seq(GSE55709)/Homer + sites	TEAD2(TEA)/Py2T-Tead2-ChIP-Seq(GSE55709)/Homer - sites	A frequency	C frequency	G frequency	T frequency
-500	1.09767388586101e-05	7.06329283075778e-05	0	0.2762592	0.2261958	0.2252676	0.272277
-490	0.000258191987935132	0.000141265856615156	7.11101778231695e-05	0.2764192	0.2255192	0.2259463	0.2721153
-480	0.000263441732606641	0.000121221376960302	0.000118357879866752	0.2762893	0.225597	0.2258536	0.27226
-470	0.000263918982122233	0.000136016111943646	0.000134584363396871	0.2765656	0.2254995	0.2255539	0.2723809
-460	0.00027680471904321	0.000125039373085036	0.000148424599349032	0.2758072	0.2257629	0.2254091	0.2730208
-450	0.000258191987935132	0.000127425620662995	0.000138402359521605	0.2758827	0.2265449	0.2253256	0.2722472
-440	0.000271554974371701	0.000134584363396871	0.000135538862428055	0.2752417	0.2263029	0.2262273	0.272228
-430	0.000272509473402884	0.000138879609037197	0.000141743106130747	0.2749273	0.2256522	0.2270003	0.2724206
-420	0.000255328490841582	0.000126948371147403	0.000116926131319977	0.2759915	0.225974	0.2264166	0.2716176
-410	0.000302098943369573	0.000157492340145275	0.000146038351771073	0.275136	0.2270862	0.2263894	0.2713882
-400	0.000273463972434068	0.000133629864365688	0.00014794734983344	0.2757168	0.2265045	0.2266719	0.2711067
-390	0.000289213206448595	0.000156537841114091	0.000128380119694179	0.2752464	0.2267793	0.2271474	0.2708266
-380	0.000266305229700192	0.000142220355646339	0.000126471121631812	0.2754917	0.2272186	0.2276546	0.2696353
-370	0.000283963461777086	0.000130289117756545	0.000144129353708706	0.2748886	0.2275162	0.2280184	0.2695767
-360	0.000264873481153417	0.000127425620662995	0.000135061612912463	0.2757297	0.2282055	0.2277598	0.2683052
-350	0.000306394189009898	0.00013697061097483	0.000166082831425926	0.2738079	0.2284026	0.2283867	0.2694031
-340	0.000248169748107706	0.000116448881804385	0.000138879609037197	0.2733568	0.2289777	0.2289502	0.2687152
-330	0.000250078746170073	0.000139356858552789	0.000122653125507078	0.2739829	0.2288799	0.2296236	0.2675138
-320	0.00029875819676043	0.000144129353708706	0.000141743106130747	0.2738672	0.2289821	0.2292507	0.2678999
-310	0.000294940200635696	0.000139356858552789	0.000153197094504949	0.2734824	0.2288942	0.2298434	0.2677798
-300	0.000279668216136761	0.000138879609037197	0.000152242595473766	0.2733812	0.2288732	0.2308012	0.2669446
-290	0.000304962440463123	0.000154151593536133	0.000149856347895807	0.2717502	0.229584	0.2310028	0.2676629
-280	0.00032071167447765	0.000162742084816784	0.000158446839176458	0.2727239	0.2299366	0.2309134	0.2664261
-270	0.000312598432712591	0.000134107113881279	0.000160833086754417	0.2717162	0.230909	0.2310306	0.2663442
-260	0.000291599454026554	0.000149856347895807	0.000169423578035068	0.271526	0.2313759	0.231408	0.2656903
-250	0.000317370927868508	0.000151765345958174	0.000149379098380215	0.2700936	0.2314945	0.232703	0.2657087
-240	0.000327393167695935	0.000166560080941518	0.0001560605915985	0.2700182	0.2314041	0.233594	0.2649836
-230	0.000318325426899692	0.00015892408869205	0.000168469079003885	0.2699593	0.2327919	0.2328574	0.2643911
-220	0.000312598432712591	0.000163696583847967	0.000157492340145275	0.2689701	0.2325868	0.2346451	0.263798
-210	0.00032882491624271	0.000154628843051724	0.000162264835301192	0.2677888	0.2346342	0.2349046	0.2626724
-200	0.000334551910429811	0.000171332576097435	0.000162742084816784	0.2660866	0.2360899	0.2362921	0.2615315
-190	0.000338847156070137	0.000168946328519477	0.000176582320768944	0.264752	0.2369354	0.237735	0.2605777
-180	0.000354119140569072	0.000196149550908206	0.000173718823675394	0.263997	0.2367314	0.2393296	0.259942
-170	0.000377981616348659	0.000194717802361431	0.000165605581910334	0.2627025	0.2381277	0.2393364	0.2598334
-160	0.000374163620223925	0.000209035287829183	0.000181832065440454	0.2622512	0.2387866	0.2399954	0.2589666
-150	0.000425229318392242	0.000204740042188857	0.000185650061565188	0.2611895	0.2396537	0.2413055	0.2578512
-140	0.000401366842612655	0.000211898784922733	0.000200444796548532	0.2605981	0.2403323	0.2417221	0.2573474
-130	0.000434774308704077	0.000215716781047467	0.000208558038313591	0.2596882	0.2418445	0.2417804	0.2566869
-120	0.000423797569845467	0.000197104049939389	0.000233375013124362	0.2583539	0.2425906	0.2426206	0.2564352
-110	0.000402321341643838	0.000207126289766816	0.000206171790735632	0.2577303	0.2426354	0.2441565	0.2554778
-100	0.000445751047562687	0.000225739020874894	0.000216194030563059	0.2570129	0.2442315	0.2440815	0.254674
-90	0.000491567001059494	0.000244351751982972	0.000247692498592114	0.2554182	0.2451703	0.245628	0.2537836
-80	0.00052879246327565	0.000269168726793742	0.000262009984059866	0.2544818	0.2460509	0.2464864	0.2529807
-70	0.000551700440024053	0.000288735956933004	0.000280622715167944	0.2535422	0.2469376	0.2466375	0.2528829
-60	0.000601334389645594	0.000321666173508834	0.000280622715167944	0.2529478	0.2467033	0.2482184	0.2521306
-50	0.000667672072312847	0.000331211163820669	0.00032071167447765	0.2507548	0.2486036	0.2492268	0.2514151
-40	0.000702034037435452	0.000355073639600256	0.000340756154132504	0.2502232	0.2493433	0.2501271	0.2503064
-30	0.000744986493838709	0.000379890614411026	0.000370822873614783	0.2494442	0.2495321	0.2511369	0.2498868
-20	0.000779348458961314	0.000408048335830939	0.000375595368770701	0.2493849	0.2499301	0.2508837	0.2498011
-10	0.0007974839405538	0.00040566208825298	0.000401844092128246	0.2487412	0.2516827	0.2512814	0.2482949
0	0.000818482919239837	0.000392776351332003	0.000387526606660494	0.2482644	0.2512356	0.2517403	0.2487599
10	0.000802733685225309	0.000379890614411026	0.000430479063063751	0.2485228	0.2511345	0.2511805	0.2491624
20	0.000777439460898947	0.000363186881365315	0.000389435604722861	0.2491669	0.2509454	0.2505309	0.2493569
30	0.000719692269512346	0.000341710653163687	0.000398980595034696	0.2505378	0.2497327	0.2498772	0.2498523
40	0.000654309085876278	0.0003178481773841	0.000351255643475522	0.2500558	0.2496172	0.2496497	0.2506773
50	0.000623765116878406	0.000301621693853981	0.000329302165758302	0.2507837	0.2496311	0.2480569	0.2515284
60	0.000584153407084292	0.000289213206448595	0.000290644954995371	0.2511727	0.2484869	0.2484045	0.2519355
70	0.000564108927429439	0.000279190966621169	0.000280145465652352	0.2524436	0.2474662	0.2468701	0.2532201
80	0.000529746962306833	0.000245306251014155	0.000269168726793742	0.2538625	0.2456328	0.2462809	0.2542237
90	0.000497771244762187	0.000229079767484036	0.0002658279801846	0.2539863	0.244599	0.2452478	0.2561668
100	0.000447182796109462	0.000217625779109834	0.00025485124132599	0.2540771	0.2444026	0.2443709	0.2571495
110	0.000473431519467008	0.000225261771359302	0.000250078746170073	0.2544928	0.2437701	0.2432886	0.2584486
120	0.000408048335830939	0.000198535798486165	0.000206171790735632	0.2562287	0.2424261	0.2422974	0.2590478
130	0.000425229318392242	0.000212376034438325	0.000209512537344775	0.2562955	0.2424786	0.2414918	0.2597341
140	0.000436206057250852	0.000211898784922733	0.00021094428589155	0.2571052	0.2411118	0.2406626	0.2611205
150	0.000397071596972329	0.000203308293642082	0.000209512537344775	0.2574923	0.2400301	0.2402336	0.2622443
160	0.000395639848425554	0.000186604560596371	0.000200922046064123	0.2579604	0.2397586	0.2394292	0.2628518
170	0.000359846134756173	0.000198535798486165	0.000184218313018412	0.2587833	0.2393175	0.238505	0.2633943
180	0.000364141380396499	0.000175150572222169	0.00017801406931572	0.2591819	0.2383506	0.2380371	0.2644303
190	0.000334074660914219	0.000175627821737761	0.000165128332394743	0.2592865	0.2371031	0.2378551	0.2657551
200	0.000340756154132504	0.000156537841114091	0.00016990082755066	0.2611455	0.2361465	0.2359868	0.2667209
210	0.000325006920117976	0.00017276432464421	0.000166082831425926	0.2624108	0.2346593	0.2347809	0.2681491
220	0.000334551910429811	0.000157015090629683	0.000152242595473766	0.2638774	0.2333512	0.2331633	0.2696082
230	0.000301144444338389	0.000165605581910334	0.000157492340145275	0.2640618	0.2331968	0.2324867	0.2702545
240	0.000316416428837325	0.000146992850802256	0.000163696583847967	0.2649355	0.232027	0.2326234	0.2704138
250	0.000290644954995371	0.000145083852739889	0.000143174854677523	0.2655304	0.2314912	0.2317814	0.271197
260	0.000303530691916348	0.000167514579972701	0.000141743106130747	0.2653512	0.2314795	0.2311079	0.2720613
270	0.000301621693853981	0.00016703733045711	0.000146515601286665	0.265954	0.2309623	0.2313056	0.271778
280	0.000298280947244839	0.000142697605161931	0.000142220355646339	0.2659594	0.2304212	0.2305588	0.2730605
290	0.000267736978246967	0.000129811868240954	0.000135061612912463	0.2664174	0.2301544	0.2304978	0.2729306
300	0.000277281968558802	0.000155583342082908	0.000134107113881279	0.2668504	0.2304183	0.2296814	0.27305
310	0.000297326448213655	0.000136016111943646	0.000132198115818912	0.2672027	0.2295379	0.2299074	0.2733519
320	0.000280145465652352	0.000142220355646339	0.000155106092567316	0.2680723	0.2286257	0.2296818	0.2736201
330	0.000264873481153417	0.000150333597411399	0.000133629864365688	0.26792	0.2287465	0.229215	0.2741186
340	0.000288258707417412	0.000130289117756545	0.000126471121631812	0.2680881	0.2282309	0.2296574	0.2740235
350	0.000285872459839453	0.00015081084692699	0.000146038351771073	0.2688309	0.2283202	0.2282232	0.2746256
360	0.000292076703542146	0.000150333597411399	0.00013983410806838	0.2682762	0.2281305	0.2286656	0.2749277
370	0.000281577214199128	0.000150333597411399	0.000134584363396871	0.2693479	0.2277297	0.2277883	0.2751341
380	0.000292076703542146	0.000143652104193114	0.000142697605161931	0.2698327	0.227381	0.227607	0.2751791
390	0.000288735956933004	0.000122175875991486	0.000155583342082908	0.270118	0.2264298	0.2274388	0.2760133
400	0.000271554974371701	0.000133629864365688	0.00013983410806838	0.271135	0.2262478	0.2267679	0.2758492
410	0.000272509473402884	0.000125039373085036	0.000140788607099564	0.2709506	0.2269089	0.2264322	0.2757083
420	0.000253896742294807	0.000133629864365688	0.000144606603224298	0.2709736	0.2255935	0.2265345	0.2768983
430	0.000266305229700192	0.000123607624538261	0.000139356858552789	0.2722582	0.2255368	0.2256462	0.2765591
440	0.000255805740357174	0.000154628843051724	0.000120744127444711	0.2716927	0.2259415	0.2252705	0.277095
450	0.000260100985997499	0.000115494382773201	0.000114539883742018	0.2710758	0.2257259	0.2250105	0.2781878
460	0.000260100985997499	0.000136016111943646	0.00012885736920977	0.271776	0.2258422	0.2253203	0.2770617
470	0.000242442753920605	0.000145083852739889	0.000121698626475894	0.272227	0.2251161	0.2258478	0.276809
480	0.000290644954995371	0.000136493361459238	0.000130289117756545	0.2721578	0.2256457	0.2244281	0.2777686
490	0.000267259728731375	0.000104517643914591	0.000129811868240954	0.2725688	0.225155	0.225432	0.2768443
500	3.81799612473393e-05	0	7.49281739479034e-05	0.273233333333333	0.226201166666667	0.223917666666667	0.276648166666667
