Distance from Center (cmd=annotatePeaks.pl /home/ec2-user/atac_analysis_gorkin/heatmaps/new_figure/motif_density_plots/W281X-R1_peaks.narrowPeak hg38 -m TEAD2_motif.txt -hist 10 -size 1000)	TEAD2(TEA)/Py2T-Tead2-ChIP-Seq(GSE55709)/Homer total sites	TEAD2(TEA)/Py2T-Tead2-ChIP-Seq(GSE55709)/Homer + sites	TEAD2(TEA)/Py2T-Tead2-ChIP-Seq(GSE55709)/Homer - sites	A frequency	C frequency	G frequency	T frequency
-500	1.75919177703501e-05	6.78545399713503e-05	0	0.2663644	0.2389022	0.2373554	0.2573782
-490	0.000257595938780126	0.000131939383277626	8.04201955216004e-05	0.2649422	0.238756	0.2380216	0.2582801
-480	0.000270161594330376	0.000130682817722601	0.000121886858837426	0.2648049	0.2383479	0.2390685	0.257779
-470	0.000280214118770576	0.000113090899952251	0.000155814128823101	0.2648	0.2393001	0.2394259	0.2564738
-460	0.000236234324344701	0.000133195948832651	0.000130682817722601	0.2638353	0.2401323	0.2403413	0.255691
-450	0.000255082807670076	0.000124399989947476	0.000124399989947476	0.2646241	0.238185	0.2406537	0.2565372
-440	0.000232464627679626	0.000120630293282401	0.000114347465507276	0.263843	0.2393174	0.2408276	0.2560123
-430	0.000246286848784901	0.000131939383277626	0.000106808072177125	0.2628366	0.2397305	0.241572	0.2558608
-420	0.000243773717674851	9.67555477369254e-05	0.000140735342162801	0.2634312	0.2402457	0.2418353	0.254488
-410	0.000217385841019326	0.000130682817722601	0.000126913121057526	0.261858	0.2419461	0.2423656	0.2538304
-400	0.000247543414339926	0.000115604031062301	9.80121132919504e-05	0.2621717	0.2415355	0.242649	0.253644
-390	0.000242517152119826	0.00010303837551205	0.000130682817722601	0.2614225	0.2413813	0.2449825	0.2522138
-380	0.000229951496569576	0.000133195948832651	0.000134452514387676	0.2609239	0.2424306	0.243627	0.2530185
-370	0.000275187856550476	0.000115604031062301	0.000130682817722601	0.2611127	0.2439103	0.2440579	0.2509189
-360	0.000266391897665301	0.000148274735492951	0.000125656555502501	0.258814	0.2440265	0.2451889	0.2519705
-350	0.000267648463220326	0.0001055515066221	0.000123143424392451	0.2592724	0.2449283	0.2453867	0.2504124
-340	0.000261365635445201	0.000136965645497726	0.000145761604382901	0.2588141	0.2451826	0.2455002	0.2505032
-330	0.000240004021009776	0.000130682817722601	0.000133195948832651	0.2576615	0.2452469	0.2469046	0.2501872
-320	0.000231208062124601	0.000123143424392451	0.000118117162172351	0.2580998	0.2465493	0.2469589	0.2483921
-310	0.000265135332110276	0.000131939383277626	0.000118117162172351	0.2585193	0.2457809	0.2477435	0.2479563
-300	0.000290266643210776	0.000135709079942701	0.000145761604382901	0.2582786	0.2462812	0.2485685	0.2468716
-290	0.000291523208765801	0.000120630293282401	0.000154557563268076	0.2570531	0.247149	0.2493985	0.2463996
-280	0.000262622201000226	0.000130682817722601	0.000143248473272851	0.2547142	0.2467445	0.2513422	0.2471993
-270	0.000262622201000226	0.000134452514387676	0.000136965645497726	0.2554169	0.2482537	0.2501026	0.2462268
-260	0.000261365635445201	0.000129426252167576	0.000138222211052751	0.2540906	0.2497727	0.25073	0.2454068
-250	0.000266391897665301	0.000130682817722601	0.000138222211052751	0.2533926	0.2503937	0.2512122	0.2450013
-240	0.000300319167650976	0.000111834334397225	0.000167123218818326	0.2524456	0.2514492	0.251215	0.2448905
-230	0.000276444422105501	0.000149531301047976	0.000147018169937926	0.2524077	0.250842	0.2534318	0.2433186
-220	0.000278957553215551	0.000124399989947476	0.000135709079942701	0.2497916	0.2536258	0.2535263	0.2430565
-210	0.000258852504335151	0.000138222211052751	0.000145761604382901	0.2487284	0.2541776	0.2565291	0.2405651
-200	0.000262622201000226	0.000144505038827876	0.000128169686612551	0.2467805	0.2551228	0.2571897	0.2409072
-190	0.000290266643210776	0.000149531301047976	0.000124399989947476	0.246267	0.2564365	0.25853	0.238766
-180	0.000287753512100726	0.000131939383277626	0.000159583825488176	0.2435735	0.2584601	0.2602753	0.2376914
-170	0.000271418159885401	0.000125656555502501	0.000129426252167576	0.2430087	0.2601376	0.2603378	0.2365159
-160	0.000278957553215551	0.000148274735492951	0.000154557563268076	0.2434572	0.2594699	0.2623278	0.2347448
-150	0.000314141388756251	0.000154557563268076	0.000145761604382901	0.2423637	0.2597168	0.2635309	0.2343883
-140	0.000281470684325601	0.000123143424392451	0.000150787866603001	0.2393134	0.2619096	0.2647375	0.2340396
-130	0.000291523208765801	0.000163353522153251	0.000153300997713051	0.2397289	0.2630874	0.2640723	0.2331114
-120	0.000305345429871076	0.000130682817722601	0.000149531301047976	0.2383586	0.2631731	0.2665827	0.2318856
-110	0.000286496946545701	0.000144505038827876	0.000144505038827876	0.2363998	0.2645359	0.268157	0.230907
-100	0.000291523208765801	0.000143248473272851	0.000162096956598226	0.2356078	0.2666507	0.2675108	0.2302307
-90	0.000338016134301727	0.000153300997713051	0.000157070694378126	0.2342926	0.2672881	0.2693816	0.2290379
-80	0.000296549470985901	0.000129426252167576	0.000174662612148476	0.2328216	0.2690816	0.2697355	0.2283615
-70	0.000322937347641426	0.000162096956598226	0.000160840391043201	0.2307194	0.2696219	0.2716234	0.2280351
-60	0.000338016134301727	0.000124399989947476	0.000177175743258526	0.2290239	0.2716764	0.2726412	0.2266584
-50	0.000283983815435651	0.000152044432158026	0.000184715136588676	0.2274759	0.2727597	0.2743441	0.2254204
-40	0.000295292905430876	0.000163353522153251	0.000154557563268076	0.2262102	0.2733704	0.2746791	0.2257403
-30	0.000306601995426101	0.000168379784373351	0.000135709079942701	0.2253763	0.2739109	0.2743642	0.2263486
-20	0.000379482797617552	0.000175919177703501	0.000169636349928376	0.2239493	0.2747232	0.2751779	0.2261497
-10	0.000321680782086401	0.000158327259933151	0.000173406046593451	0.2228749	0.2773861	0.2758832	0.2238561
0	0.000287753512100726	0.000163353522153251	0.000145761604382901	0.2226707	0.2771001	0.2774665	0.2227626
10	0.000302832298761026	0.000160840391043201	0.000125656555502501	0.2237541	0.2755871	0.277338	0.2233206
20	0.000315397954311276	0.000135709079942701	0.000180945439923601	0.224802	0.2759322	0.2745898	0.2246759
30	0.000321680782086401	0.000149531301047976	0.000141991907717826	0.2246608	0.2752119	0.2735103	0.226617
40	0.000324193913196451	0.000165866653263301	0.000177175743258526	0.2254834	0.2739335	0.2736324	0.2269508
50	0.000324193913196451	0.000192254529918826	0.000173406046593451	0.2258764	0.2725757	0.2740822	0.2274659
60	0.000355608052072077	0.000168379784373351	0.000139478776607776	0.226928	0.2731411	0.2714156	0.2285152
70	0.000326707044306501	0.000149531301047976	0.000183458571033651	0.2280818	0.2710088	0.2702027	0.2307068
80	0.000322937347641426	0.000177175743258526	0.000170892915483401	0.2285908	0.2683335	0.2697781	0.2332976
90	0.000291523208765801	0.000154557563268076	0.000141991907717826	0.2291927	0.2690022	0.2687253	0.2330798
100	0.000332989872081626	0.000164610087708276	0.000140735342162801	0.2308353	0.2662475	0.268346	0.2345712
110	0.000317911085421326	0.000150787866603001	0.000140735342162801	0.2301009	0.2665373	0.2658207	0.237541
120	0.000296549470985901	0.000145761604382901	0.000162096956598226	0.2331491	0.2654957	0.2637049	0.2376507
130	0.000307858560981126	0.000133195948832651	0.000157070694378126	0.2325556	0.2642526	0.2640611	0.2391308
140	0.000243773717674851	0.000150787866603001	0.000148274735492951	0.2335571	0.263139	0.2622309	0.2410729
150	0.000266391897665301	0.000140735342162801	0.000113090899952251	0.2348745	0.2609991	0.2623884	0.2417378
160	0.000299062602095951	0.000143248473272851	0.000148274735492951	0.2355511	0.2621578	0.2595116	0.2427795
170	0.000267648463220326	0.000145761604382901	0.000129426252167576	0.2356545	0.260334	0.259718	0.2442936
180	0.000289010077655751	0.000144505038827876	0.000135709079942701	0.2364856	0.2594297	0.2590102	0.2450744
190	0.000260109069890176	0.000121886858837426	0.000133195948832651	0.2379706	0.2586928	0.2572482	0.2460886
200	0.000280214118770576	0.000135709079942701	0.000154557563268076	0.2398573	0.2573955	0.2554684	0.2472788
210	0.000290266643210776	0.000143248473272851	0.000154557563268076	0.2400601	0.2553448	0.2546723	0.2499225
220	0.000255082807670076	0.000135709079942701	0.000114347465507276	0.2418702	0.2535815	0.2539683	0.2505801
230	0.000280214118770576	0.000138222211052751	0.000134452514387676	0.2429029	0.2523194	0.2529115	0.2518661
240	0.000295292905430876	0.000148274735492951	0.000134452514387676	0.2449472	0.2513143	0.2520752	0.2516631
250	0.000272674725440426	0.000149531301047976	0.000140735342162801	0.2438034	0.2510739	0.2511028	0.25402
260	0.000294036339875851	0.000149531301047976	0.000138222211052751	0.2445629	0.2499023	0.2501403	0.2553942
270	0.000237490889899726	0.000130682817722601	0.000126913121057526	0.2443576	0.2492941	0.2506595	0.255689
280	0.000289010077655751	0.000155814128823101	0.0001105777688422	0.2451385	0.2490194	0.2494125	0.2564295
290	0.000281470684325601	0.000114347465507276	0.000157070694378126	0.2466652	0.248508	0.2488821	0.2559448
300	0.000263878766555251	0.000145761604382901	0.000130682817722601	0.2469762	0.2483341	0.2479135	0.256776
310	0.000247543414339926	0.000116860596617326	0.000144505038827876	0.2466546	0.2481207	0.2471458	0.2580791
320	0.000253826242115051	0.000125656555502501	0.000124399989947476	0.2484457	0.2475412	0.2466242	0.2573889
330	0.000246286848784901	0.0001055515066221	0.000124399989947476	0.2485213	0.2468134	0.2456505	0.259015
340	0.000221155537684401	0.000135709079942701	0.000100525244402	0.2488687	0.2465133	0.2455272	0.2590905
350	0.000248799979894951	0.000116860596617326	0.000113090899952251	0.2497619	0.2446893	0.2452651	0.2602832
360	0.000245030283229876	0.000129426252167576	0.000133195948832651	0.2501562	0.2447562	0.2435797	0.2615076
370	0.000256339373225101	0.000154557563268076	0.000130682817722601	0.2508426	0.2450988	0.2430369	0.2610215
380	0.000305345429871076	0.000153300997713051	0.000119373727727376	0.2520455	0.2439312	0.242164	0.2618592
390	0.000312884823201226	0.000125656555502501	0.000150787866603001	0.2516386	0.2430407	0.2422888	0.2630317
400	0.000255082807670076	0.000123143424392451	0.000157070694378126	0.2537524	0.2423429	0.2414789	0.2624259
410	0.000263878766555251	0.000115604031062301	0.000130682817722601	0.2549438	0.2421298	0.24069	0.2622357
420	0.000250056545449976	0.000129426252167576	0.000145761604382901	0.2555436	0.2403224	0.2411084	0.2630255
430	0.000281470684325601	0.000138222211052751	0.000136965645497726	0.2553395	0.2415519	0.2398802	0.2632283
440	0.000266391897665301	0.000155814128823101	0.000139478776607776	0.2551771	0.2401397	0.2402456	0.2644376
450	0.000272674725440426	0.000116860596617326	0.000118117162172351	0.2561318	0.2403111	0.2391233	0.2644337
460	0.000276444422105501	0.000154557563268076	0.000149531301047976	0.2562049	0.2390013	0.2403464	0.2644477
470	0.000280214118770576	0.000169636349928376	0.000119373727727376	0.2563812	0.2391094	0.2399433	0.2645661
480	0.000319167650976351	0.000143248473272851	0.000145761604382901	0.2575085	0.2388348	0.2380464	0.2656102
490	0.000247543414339926	8.67030232967254e-05	0.000134452514387676	0.2572667	0.2387026	0.2382378	0.2657928
500	3.14141388756251e-05	0	6.65979744163253e-05	0.2572615	0.238653166666667	0.238019	0.266066166666667
