Distance from Center (cmd=annotatePeaks.pl /home/ec2-user/atac_analysis_gorkin/heatmaps/new_figure/motif_density_plots/I315R-R1_peaks.narrowPeak hg38 -m TEAD2_motif.txt -hist 10 -size 1000)	TEAD2(TEA)/Py2T-Tead2-ChIP-Seq(GSE55709)/Homer total sites	TEAD2(TEA)/Py2T-Tead2-ChIP-Seq(GSE55709)/Homer + sites	TEAD2(TEA)/Py2T-Tead2-ChIP-Seq(GSE55709)/Homer - sites	A frequency	C frequency	G frequency	T frequency
-500	1.24763839874523e-05	6.59466010765337e-05	0	0.2682214	0.2347492	0.235403	0.2616264
-490	0.000253983531173137	0.000106049263893345	8.82258581969843e-05	0.267964	0.2344939	0.2364451	0.2610969
-480	0.000269133426015043	0.000130110861583431	0.00013991373471643	0.2681702	0.2338837	0.2370811	0.2608645
-470	0.000233486614622322	0.000156845970127972	0.000126546180444159	0.2672559	0.2344419	0.2371955	0.2611068
-460	0.000285174491141767	0.000112287455887071	0.000110505115317435	0.2677247	0.2354083	0.237032	0.259835
-450	0.000227248422628596	0.00013991373471643	0.000128328521013795	0.2667271	0.235453	0.2370839	0.2607361
-440	0.000272698107154315	0.000142587245570884	0.000110505115317435	0.2672853	0.2350333	0.2379563	0.259725
-430	0.000267351085445407	0.000138131394146794	0.000134566713007521	0.2670808	0.2360719	0.2380493	0.2587981
-420	0.000302997896838128	0.000147043096994974	0.000128328521013795	0.2673881	0.2366881	0.2376829	0.2582407
-410	0.000270915766584679	0.000149716607849428	0.000141696075286066	0.2659687	0.2377109	0.2392683	0.257052
-400	0.000273589277439133	0.000127437350728977	0.000140804905001248	0.2661109	0.2368633	0.2392658	0.2577604
-390	0.000257548212312409	0.000111396285602253	0.00013545788329234	0.2649256	0.2382724	0.2396684	0.2571333
-380	0.000245071828324956	0.000143478415855702	0.000143478415855702	0.2646639	0.2387495	0.2399721	0.2566144
-370	0.000274480447723951	0.000118525647880797	0.000137240223861976	0.2638253	0.2392041	0.2409681	0.2560026
-360	0.000268242255730225	0.000140804905001248	0.000115852137026343	0.2631564	0.2398426	0.2417754	0.2552254
-350	0.000265568744875771	0.000168431183830606	0.000136349053577158	0.2634726	0.2396095	0.2414851	0.2554329
-340	0.000270915766584679	0.000142587245570884	0.000126546180444159	0.2624295	0.2411528	0.2416288	0.2547889
-330	0.000299433215698856	0.000127437350728977	0.000117634477595979	0.2613784	0.2413529	0.242405	0.2548639
-320	0.000268242255730225	0.000124763839874523	0.000160410651267244	0.2612265	0.241936	0.2436678	0.2531697
-310	0.000258439382597227	0.000131002031868249	0.000133675542722703	0.2613817	0.2429033	0.2433241	0.2523909
-300	0.000245962998609774	0.000116743307311161	0.000122090329020069	0.2610148	0.2427113	0.2443251	0.2519487
-290	0.000278936299148041	0.000126546180444159	0.000138131394146794	0.2598724	0.2439466	0.2459175	0.2502634
-280	0.000255765871742773	0.000131002031868249	0.000150607778134246	0.2600805	0.242697	0.2466358	0.2505868
-270	0.000269133426015043	0.000136349053577158	0.000123872669589705	0.2594359	0.2436404	0.2461394	0.2507845
-260	0.000262895234021317	0.000127437350728977	0.000133675542722703	0.2585635	0.2453679	0.2466468	0.2494217
-250	0.000260221723166863	0.000154172459273518	0.00014882543756461	0.2571157	0.2457171	0.2482974	0.2488698
-240	0.000303889067122946	0.000137240223861976	0.000112287455887071	0.2565685	0.246947	0.2477016	0.248783
-230	0.000270915766584679	0.00014436958614052	0.000134566713007521	0.2557093	0.2482517	0.2488609	0.2471781
-220	0.00029319502370513	0.000131002031868249	0.000149716607849428	0.2554093	0.2480628	0.2505269	0.2460007
-210	0.000264677574590953	0.000114960966741525	0.000145260756425338	0.2534893	0.2501724	0.2517415	0.2445968
-200	0.00024774533917941	0.000136349053577158	0.000147934267279792	0.2505664	0.2508647	0.2546003	0.2439689
-190	0.000257548212312409	0.000141696075286066	0.000121199158735251	0.2487421	0.253163	0.2552294	0.2428657
-180	0.000262895234021317	0.000116743307311161	0.000114069796456707	0.2482793	0.2538371	0.2569726	0.2409113
-170	0.000268242255730225	0.000146151926710156	0.000126546180444159	0.2465097	0.2549173	0.2583084	0.2402645
-160	0.000295868534559584	0.000143478415855702	0.000147043096994974	0.2454365	0.2558098	0.2591768	0.2395771
-150	0.000286956831711403	0.000151498948419064	0.000160410651267244	0.2444952	0.2564187	0.2609955	0.2380909
-140	0.000300324385983674	0.00013991373471643	0.000141696075286066	0.2437039	0.2581199	0.2607669	0.2374094
-130	0.00032438598367376	0.000176451716393969	0.000160410651267244	0.2423973	0.2586415	0.2622218	0.2367397
-120	0.00032884183509785	0.000154172459273518	0.000160410651267244	0.2413737	0.2604116	0.2631122	0.2351026
-110	0.000283392150572131	0.000146151926710156	0.000141696075286066	0.2398546	0.2611734	0.2643814	0.2345908
-100	0.000305671407692582	0.00015773714041279	0.000147934267279792	0.237932	0.2629035	0.2651236	0.2340409
-90	0.000302997896838128	0.000155063629558336	0.000149716607849428	0.2365259	0.2642111	0.2668788	0.2323847
-80	0.000301215556268492	0.000161301821552062	0.000156845970127972	0.2347012	0.2654176	0.2676682	0.2322132
-70	0.000326168324243396	0.000156845970127972	0.000147934267279792	0.233059	0.2672662	0.2683227	0.2313524
-60	0.000352012262503119	0.000198730973514419	0.000174669375824333	0.2324301	0.2681701	0.2682772	0.2311226
-50	0.000344882900224575	0.00017110469468506	0.000163975332406516	0.2306637	0.2687676	0.2701136	0.2304556
-40	0.000343991729939757	0.000171995864969878	0.000169322354115424	0.2301359	0.2704359	0.2710589	0.2283693
-30	0.000320821302534488	0.000180907567818059	0.000163975332406516	0.2288202	0.2707564	0.2723094	0.2281139
-20	0.000355576943642391	0.000184472248957331	0.000164866502691334	0.2278361	0.2733124	0.271595	0.2272566
-10	0.000347556411079029	0.000163084162121698	0.000156845970127972	0.2275869	0.2731542	0.2732534	0.2260053
0	0.000350229921933483	0.000176451716393969	0.000195166292375147	0.2257813	0.2741545	0.2733471	0.2267171
10	0.000347556411079029	0.000163975332406516	0.000164866502691334	0.2264485	0.2728211	0.2735551	0.2271753
20	0.00031993013224967	0.000167540013545788	0.000164866502691334	0.2278327	0.2715923	0.2724638	0.2281112
30	0.000353794603072755	0.000180907567818059	0.000142587245570884	0.22864	0.2707814	0.2702831	0.2302956
40	0.00031993013224967	0.000177342886678787	0.000177342886678787	0.2283648	0.271033	0.2706598	0.2299421
50	0.000357359284212027	0.000149716607849428	0.000160410651267244	0.2298438	0.2687872	0.2690719	0.232297
60	0.000317256621395216	0.000160410651267244	0.000177342886678787	0.2299777	0.2687683	0.2682782	0.232976
70	0.00029765087512922	0.000177342886678787	0.000155063629558336	0.2309004	0.2677682	0.2662284	0.2351031
80	0.000322603643104124	0.000164866502691334	0.000154172459273518	0.2326025	0.2666616	0.266065	0.2346707
90	0.000319038961964852	0.000161301821552062	0.000142587245570884	0.2332079	0.2642307	0.2650638	0.2374973
100	0.000316365451110398	0.000159519480982426	0.000158628310697608	0.2337706	0.2644503	0.2632323	0.2385468
110	0.000322603643104124	0.000147934267279792	0.000158628310697608	0.2350092	0.2633162	0.2615122	0.2401623
120	0.000307453748262218	0.000152390118703882	0.000156845970127972	0.2364008	0.2615014	0.2611924	0.2409054
130	0.000310127259116672	0.000147934267279792	0.000165757672976152	0.2371635	0.2611301	0.2590633	0.2426433
140	0.000295868534559584	0.000142587245570884	0.000138131394146794	0.2378529	0.260026	0.2581283	0.2439928
150	0.000275371618008769	0.00013545788329234	0.000163975332406516	0.2386034	0.2589179	0.2572249	0.245254
160	0.000285174491141767	0.000136349053577158	0.000140804905001248	0.239783	0.2578606	0.2559667	0.2463893
170	0.000283392150572131	0.000138131394146794	0.000154172459273518	0.2403771	0.2563024	0.2557523	0.2475682
180	0.000259330552882045	0.000133675542722703	0.000124763839874523	0.2412067	0.2559837	0.2539938	0.2488158
190	0.000264677574590953	0.000132784372437885	0.000134566713007521	0.2427562	0.2540983	0.2536482	0.2494973
200	0.000278045128863223	0.000122981499304887	0.000131893202153067	0.2439913	0.2530588	0.2517282	0.2512217
210	0.000251310020318682	0.000131002031868249	0.000142587245570884	0.2451829	0.2514478	0.2492196	0.2541495
220	0.000269133426015043	0.000121199158735251	0.000133675542722703	0.2459665	0.2494263	0.2489206	0.2556868
230	0.000274480447723951	0.000129219691298613	0.000152390118703882	0.2470374	0.2499407	0.2472105	0.2558111
240	0.000282500980287313	0.000160410651267244	0.00013545788329234	0.2470636	0.2492453	0.2469921	0.2566992
250	0.000304780237407764	0.00014882543756461	0.000137240223861976	0.2489755	0.2476887	0.2453487	0.2579868
260	0.000286065661426585	0.000126546180444159	0.00014436958614052	0.2482728	0.2467991	0.2452129	0.2597151
270	0.000259330552882045	0.000140804905001248	0.000149716607849428	0.2492705	0.2457874	0.2448878	0.2600545
280	0.000231704274052686	0.000122090329020069	0.000104266923323709	0.2499923	0.2450633	0.2442604	0.2606838
290	0.000250418850033864	0.000141696075286066	0.000116743307311161	0.2503864	0.2454831	0.2441193	0.2600113
300	0.000273589277439133	0.000143478415855702	0.000125655010159341	0.2516793	0.2456355	0.2422491	0.2604362
310	0.000267351085445407	0.000117634477595979	0.00013545788329234	0.2510995	0.2453201	0.2417522	0.2618285
320	0.000245071828324956	0.000129219691298613	0.000141696075286066	0.2519308	0.2434204	0.242198	0.2624509
330	0.000269133426015043	0.000140804905001248	0.000125655010159341	0.2530814	0.2426148	0.2414879	0.2628161
340	0.000259330552882045	0.000147043096994974	0.000119416818165615	0.2523829	0.2440536	0.2395095	0.264054
350	0.000256657042027591	0.000109613945032617	0.000131893202153067	0.253517	0.2425067	0.239974	0.2640021
360	0.000261112893451681	0.000147934267279792	0.000125655010159341	0.2543727	0.2411456	0.2406241	0.2638576
370	0.000259330552882045	0.000116743307311161	0.000127437350728977	0.2549014	0.2414895	0.2392897	0.2643193
380	0.000270915766584679	0.000150607778134246	0.000131893202153067	0.2552415	0.2405151	0.2388175	0.2654259
390	0.000246854168894592	0.000113178626171889	0.000114069796456707	0.2565133	0.2398043	0.237265	0.2664172
400	0.000237051295761594	0.000129219691298613	0.000112287455887071	0.2571966	0.2389166	0.2381387	0.2657483
410	0.000292303853420312	0.0001532812889887	0.000130110861583431	0.2581364	0.2381206	0.2370417	0.2667011
420	0.000278936299148041	0.000124763839874523	0.000140804905001248	0.2582015	0.2378118	0.2370998	0.2668871
430	0.000276262788293587	0.000155954799843154	0.000156845970127972	0.2583561	0.2375517	0.2363631	0.2677291
440	0.000289630342565857	0.000115852137026343	0.00013991373471643	0.2591482	0.2376044	0.2360774	0.2671701
450	0.000260221723166863	0.000155954799843154	0.000133675542722703	0.2594152	0.2371597	0.2358146	0.2676104
460	0.000283392150572131	0.000136349053577158	0.000151498948419064	0.2589723	0.2364568	0.235079	0.2694922
470	0.000271806936869497	0.000120307988450433	0.000131893202153067	0.2599241	0.2369821	0.2351332	0.2679605
480	0.000275371618008769	0.000161301821552062	0.000137240223861976	0.2592285	0.2367138	0.2353797	0.2686777
490	0.000271806936869497	7.8422985063986e-05	0.000122981499304887	0.2608236	0.2364311	0.234491	0.2682543
500	3.65379816775389e-05	0	9.08993690514383e-05	0.261609	0.236380166666667	0.234653333333333	0.267357666666667
