Distance from Center (cmd=annotatePeaks.pl /home/ec2-user/atac_analysis_gorkin/heatmaps/new_figure/motif_density_plots/W281P-R2_peaks.narrowPeak hg38 -m TEAD2_motif.txt -hist 10 -size 1000)	TEAD2(TEA)/Py2T-Tead2-ChIP-Seq(GSE55709)/Homer total sites	TEAD2(TEA)/Py2T-Tead2-ChIP-Seq(GSE55709)/Homer + sites	TEAD2(TEA)/Py2T-Tead2-ChIP-Seq(GSE55709)/Homer - sites	A frequency	C frequency	G frequency	T frequency
-500	7.21418927971473e-06	6.80194989230246e-05	0	0.2659692	0.235162	0.2381904	0.2606786
-490	0.000265894404880914	0.000151497974874009	6.59583019859632e-05	0.267346	0.2365956	0.2368445	0.259214
-480	0.00028959816965712	0.000119549422349558	0.000142222588657233	0.2671342	0.236301	0.2376822	0.2588825
-470	0.000245282435510301	0.00012161061928662	0.000144283785594295	0.2660177	0.2366534	0.2375727	0.2597562
-460	0.000270016798755037	0.000112335233069844	0.000128824808566334	0.2658781	0.2368588	0.2379434	0.2593192
-450	0.000207150292174666	0.000128824808566334	0.000127794210097804	0.2657873	0.2364779	0.2385373	0.2591975
-440	0.000250435427852954	0.000109243437664252	0.000110274036132782	0.2660228	0.2357775	0.2396241	0.2585756
-430	0.000293720563531243	0.000162834558027847	0.000136038997846049	0.2656356	0.2361648	0.2391551	0.2590445
-420	0.000243221238573239	0.000112335233069844	0.000125733013160742	0.266501	0.2372327	0.2393534	0.2569126
-410	0.000263833207943853	0.000145314384062825	0.000129855407034865	0.264332	0.2391584	0.2387987	0.257711
-400	0.000248374230915893	0.000131916603971926	0.000117488225412497	0.2645396	0.2389237	0.2402924	0.2562444
-390	0.000261772011006792	0.000133977800908988	0.000110274036132782	0.264647	0.2394112	0.2402313	0.2557104
-380	0.00027413919262916	0.000119549422349558	0.000149436777936948	0.2632309	0.2406199	0.2407654	0.2553838
-370	0.000232915253887933	0.000140161391720172	0.000119549422349558	0.2629572	0.240064	0.2425461	0.2544326
-360	0.000267955601817976	0.000127794210097804	0.000133977800908988	0.2630749	0.241476	0.2423786	0.2530702
-350	0.000283414578845936	0.000143253187125764	0.000145314384062825	0.2619831	0.2406444	0.2431577	0.2542148
-340	0.000270016798755037	0.000132947202440457	0.000124702414692212	0.2614387	0.2420782	0.2432846	0.2531983
-330	0.000272077995692098	0.000142222588657233	0.000127794210097804	0.2611073	0.2425574	0.2434592	0.2528762
-320	0.000238068246230586	0.000103059846853068	0.000131916603971926	0.2602963	0.2438931	0.2438827	0.251928
-310	0.000276200389566221	0.000126763611629273	0.000149436777936948	0.259941	0.2444272	0.2445654	0.2510664
-300	0.000263833207943853	0.000140161391720172	0.000141191990188703	0.2591985	0.2448267	0.2461157	0.2498589
-290	0.000262802609475322	0.000102029248384537	0.000133977800908988	0.2581024	0.2452234	0.2469266	0.2497474
-280	0.000279292184971813	0.000171079345776092	0.000153559171811071	0.2572537	0.2452431	0.2476403	0.2498631
-270	0.000318454926775979	0.000124702414692212	0.00013706959631458	0.2562212	0.2465615	0.2485642	0.2486531
-260	0.000267955601817976	0.000156650967216663	0.000155620368748132	0.2559815	0.2469903	0.2486026	0.2484258
-250	0.000288567571188589	0.000135008399377519	0.000111304634601313	0.2560476	0.2477461	0.249753	0.2464531
-240	0.000302995949748019	0.000138100194783111	0.000154589770279601	0.2544869	0.2488472	0.2505569	0.2461092
-230	0.000262802609475322	0.000113365831538374	0.000175201739650215	0.2543133	0.2493597	0.2505548	0.2457724
-220	0.000309179540559203	0.000135008399377519	0.000159742762622255	0.2524989	0.2505863	0.2522769	0.244638
-210	0.000263833207943853	0.000160773361090785	0.000129855407034865	0.2497369	0.2518026	0.2543601	0.2441006
-200	0.000326699714524224	0.000135008399377519	0.000178293535055807	0.2492352	0.2528531	0.2553879	0.2425237
-190	0.000267955601817976	0.000140161391720172	0.000147375580999887	0.2469701	0.2539038	0.2572667	0.2418594
-180	0.000291659366594181	0.000161803959559316	0.000120580020818089	0.2457823	0.2555375	0.2575723	0.2411077
-170	0.000306087745153611	0.000169018148839031	0.000153559171811071	0.2460136	0.2565818	0.258155	0.2392495
-160	0.000310210139027733	0.000178293535055807	0.000149436777936948	0.2444608	0.2587658	0.258365	0.2384084
-150	0.000314332532901856	0.000158712164153724	0.000124702414692212	0.2421953	0.2591413	0.2607338	0.2379295
-140	0.000307118343622141	0.000149436777936948	0.000138100194783111	0.2423398	0.2586322	0.2622016	0.2368263
-130	0.000329791509929816	0.000160773361090785	0.000174171141181684	0.2404497	0.2608951	0.2623607	0.2362946
-120	0.00030505714668508	0.000161803959559316	0.000169018148839031	0.2389965	0.2616067	0.2636052	0.2357915
-110	0.000329791509929816	0.000159742762622255	0.000155620368748132	0.2390327	0.2627523	0.2637633	0.234452
-100	0.000309179540559203	0.00015252857334254	0.000158712164153724	0.2361479	0.264475	0.2657155	0.2336619
-90	0.000321546722181571	0.000158712164153724	0.000156650967216663	0.2353897	0.2656275	0.2666369	0.232346
-80	0.00035040347930043	0.000162834558027847	0.000191691315146706	0.2345801	0.266554	0.2672873	0.2315785
-70	0.000330822108398347	0.0001679875503705	0.000146344982531356	0.232945	0.2675715	0.2687592	0.2307245
-60	0.000344219888489246	0.000186538322804052	0.000169018148839031	0.2308586	0.2696412	0.2697569	0.229743
-50	0.000347311683894838	0.000189630118209644	0.000188599519741114	0.2302471	0.2704829	0.2709603	0.2283096
-40	0.000385443827230473	0.000200966701363482	0.000178293535055807	0.2288663	0.2705666	0.2718659	0.2287007
-30	0.000364831857859859	0.000175201739650215	0.000176232338118746	0.2286174	0.27089	0.272648	0.2278447
-20	0.000361740062454267	0.00018344652739846	0.000176232338118746	0.2275979	0.2720726	0.2727575	0.2275719
-10	0.000395749811915779	0.000210242087580258	0.000196844307489359	0.225209	0.2739752	0.2743625	0.2264536
0	0.000417392379754924	0.00019890550442642	0.00019890550442642	0.2261147	0.2730435	0.2747932	0.2260485
10	0.000397811008852841	0.000205089095237604	0.000192721913615236	0.2262345	0.2736033	0.273875	0.2262871
20	0.000385443827230473	0.000189630118209644	0.000201997299832012	0.2276713	0.2721863	0.2724248	0.2277178
30	0.000377199039482227	0.000204058496769074	0.000187568921272583	0.2280111	0.271772	0.2714508	0.228766
40	0.000415331182817862	0.000185507724335522	0.000194783110552298	0.2275969	0.2720479	0.2704448	0.2299104
50	0.000329791509929816	0.000166956951901969	0.000191691315146706	0.2296046	0.2699151	0.2698201	0.2306603
60	0.000356587070111614	0.000189630118209644	0.000169018148839031	0.2304382	0.2686467	0.2696897	0.2312252
70	0.000354525873174552	0.000170048747307561	0.000179324133524338	0.2298412	0.2686838	0.2679846	0.2334903
80	0.000356587070111614	0.000159742762622255	0.000184477125866991	0.2309527	0.2677667	0.2656019	0.2356789
90	0.000324638517587163	0.000172109944244623	0.000173140542713154	0.2319255	0.2660881	0.2659425	0.2360437
100	0.000313301934433325	0.000158712164153724	0.000143253187125764	0.2329397	0.2643851	0.2654491	0.2372262
110	0.00033494450227247	0.000159742762622255	0.000147375580999887	0.2334738	0.2635671	0.2634659	0.2394933
120	0.000306087745153611	0.000171079345776092	0.000185507724335522	0.2346946	0.262782	0.2623979	0.2401255
130	0.000342158691552184	0.000145314384062825	0.000154589770279601	0.2345417	0.2621221	0.2621737	0.2411624
140	0.000323607919118632	0.000165926353433439	0.000158712164153724	0.2354609	0.2612772	0.260263	0.2429988
150	0.000326699714524224	0.000151497974874009	0.000159742762622255	0.2378247	0.2597732	0.2588972	0.2435047
160	0.000263833207943853	0.000115427028475436	0.000173140542713154	0.2379453	0.2587494	0.2577166	0.2455886
170	0.000284445177314467	0.000141191990188703	0.000142222588657233	0.2388026	0.2579862	0.2572704	0.2459408
180	0.000270016798755037	0.000124702414692212	0.000153559171811071	0.2393149	0.2563646	0.2568489	0.2474714
190	0.000300934752810957	0.000171079345776092	0.000138100194783111	0.2402043	0.257167	0.2550207	0.2476078
200	0.000285475775782997	0.000141191990188703	0.00013706959631458	0.2416874	0.2543772	0.2537866	0.2501488
210	0.000315363131370387	0.000141191990188703	0.000166956951901969	0.244243	0.2517035	0.2521248	0.2519285
220	0.000288567571188589	0.000129855407034865	0.000153559171811071	0.2435838	0.2521774	0.2506155	0.2536234
230	0.000268986200286506	0.000171079345776092	0.00012161061928662	0.2449234	0.2497501	0.250824	0.2545022
240	0.000282383980377405	0.000132947202440457	0.000123671816223681	0.2457952	0.2483527	0.2494123	0.25644
250	0.000286506374251528	0.000139130793251641	0.000145314384062825	0.2470626	0.2476617	0.2487906	0.2564853
260	0.000276200389566221	0.000146344982531356	0.000124702414692212	0.2470996	0.2490695	0.2471927	0.2566383
270	0.000249404829384424	0.000135008399377519	0.000135008399377519	0.2480634	0.2469705	0.2474777	0.2574883
280	0.000281353381908875	0.000135008399377519	0.000131916603971926	0.2483366	0.2471189	0.2463215	0.2582233
290	0.000253527223258546	0.000118518823881028	0.000145314384062825	0.2487113	0.2466536	0.2458149	0.2588201
300	0.000243221238573239	0.000132947202440457	0.000113365831538374	0.2486769	0.2456847	0.2459398	0.2596988
310	0.000247343632447362	0.000132947202440457	0.000140161391720172	0.2495075	0.2454677	0.2455471	0.2594778
320	0.000277230988034752	0.000153559171811071	0.000105121043790129	0.2511982	0.2442128	0.2439916	0.2605974
330	0.000284445177314467	0.000119549422349558	0.000132947202440457	0.2532421	0.2434897	0.2435868	0.2596812
340	0.000250435427852954	0.000147375580999887	0.000154589770279601	0.2515483	0.2431324	0.2424393	0.2628801
350	0.000285475775782997	0.000141191990188703	0.000116457626943966	0.2525915	0.2431726	0.2425032	0.2617326
360	0.000280322783440344	0.000130886005503396	0.00015252857334254	0.2539083	0.2417472	0.2418414	0.262503
370	0.000270016798755037	0.000126763611629273	0.00013706959631458	0.2544239	0.242053	0.2401926	0.2633304
380	0.000254557821727077	0.000115427028475436	0.000140161391720172	0.2557252	0.2406534	0.2404953	0.263126
390	0.000252496624790016	0.000135008399377519	0.00012161061928662	0.2544445	0.2407558	0.239697	0.2651028
400	0.000271047397223568	0.000141191990188703	0.000133977800908988	0.255712	0.2401101	0.2397785	0.2643996
410	0.00027413919262916	0.000117488225412497	0.000126763611629273	0.2566301	0.2395275	0.2386495	0.2651926
420	0.0002586802156012	0.000141191990188703	0.000131916603971926	0.257128	0.2393303	0.2381434	0.2653983
430	0.0002586802156012	0.000143253187125764	0.000146344982531356	0.2579675	0.2388149	0.2379999	0.2652176
440	0.000290628768125651	0.000127794210097804	0.000119549422349558	0.2581217	0.237944	0.2379906	0.2659437
450	0.000273108594160629	0.000147375580999887	0.000155620368748132	0.2591781	0.2384492	0.2370795	0.2652928
460	0.000285475775782997	0.000125733013160742	0.000141191990188703	0.2583569	0.2378482	0.2366891	0.2671056
470	0.000271047397223568	0.000136038997846049	0.000140161391720172	0.2589005	0.2379606	0.2364351	0.2667037
480	0.00027413919262916	0.000139130793251641	0.000140161391720172	0.2591649	0.2374732	0.2365302	0.2668318
490	0.000280322783440344	0.000116457626943966	0.000136038997846049	0.2596782	0.2359744	0.2365116	0.2678358
500	6.08053096433099e-05	0	8.96620667621688e-05	0.2596625	0.2369995	0.236073166666667	0.267264833333333
